0.0 5934
1.0 4600
2.0 3300
3.0 2528
4.0 1898
5.0 1606
6.0 1274
7.0 1150
8.0 975
9.0 929
10.0 881
11.0 786
12.0 770
13.0 717
14.0 689
15.0 656
16.0 600
17.0 644
18.0 565
19.0 535
20.0 571
21.0 534
22.0 507
23.0 500
24.0 546
25.0 463
26.0 464
27.0 486
28.0 444
29.0 443
30.0 466
31.0 473
32.0 461
33.0 437
34.0 401
35.0 401
36.0 427
37.0 421
38.0 416
39.0 440
40.0 371
41.0 396
42.0 372
43.0 385
44.0 382
45.0 405
46.0 364
47.0 415
48.0 350
49.0 356
50.0 351
51.0 371
52.0 359
53.0 380
54.0 284
55.0 339
56.0 359
57.0 314
58.0 355
59.0 313
60.0 331
61.0 342
62.0 313
63.0 347
64.0 317
65.0 323
66.0 323
67.0 336
68.0 330
69.0 309
70.0 332
71.0 330
72.0 325
73.0 318
74.0 303
75.0 314
76.0 297
77.0 287
78.0 300
79.0 350
80.0 298
81.0 324
82.0 298
83.0 327
84.0 296
85.0 307
86.0 309
87.0 339
88.0 301
89.0 297
90.0 303
91.0 312
92.0 288
93.0 295
94.0 291
95.0 283
96.0 300
97.0 292
98.0 335
99.0 288
100.0 262
101.0 277
102.0 294
103.0 279
104.0 287
105.0 282
106.0 289
107.0 260
108.0 295
109.0 312
110.0 285
111.0 251
112.0 250
113.0 260
114.0 266
115.0 265
116.0 250
117.0 271
118.0 286
119.0 276
120.0 239
121.0 277
122.0 254
123.0 268
124.0 309
125.0 265
126.0 268
127.0 237
128.0 229
129.0 254
130.0 260
131.0 253
132.0 234
133.0 251
134.0 248
135.0 304
136.0 268
137.0 248
138.0 267
139.0 261
140.0 237
141.0 262
142.0 254
143.0 205
144.0 224
145.0 282
146.0 238
147.0 278
148.0 223
149.0 257
150.0 239
151.0 225
152.0 254
153.0 232
154.0 258
155.0 245
156.0 262
157.0 223
158.0 225
159.0 250
160.0 237
161.0 232
162.0 238
163.0 232
164.0 257
165.0 237
166.0 234
167.0 230
168.0 240
169.0 255
170.0 218
171.0 224
172.0 235
173.0 235
174.0 255
175.0 217
176.0 229
177.0 213
178.0 238
179.0 220
180.0 208
181.0 252
182.0 235
183.0 221
184.0 239
185.0 227
186.0 222
187.0 212
188.0 252
189.0 222
190.0 228
191.0 240
192.0 221
193.0 245
194.0 216
195.0 243
196.0 260
197.0 221
198.0 217
199.0 206
200.0 195
201.0 248
202.0 210
203.0 254
204.0 190
205.0 210
206.0 205
207.0 229
208.0 233
209.0 245
210.0 239
211.0 200
212.0 208
213.0 222
214.0 230
215.0 228
216.0 209
217.0 211
218.0 218
219.0 194
220.0 185
221.0 193
222.0 189
223.0 202
224.0 196
225.0 214
226.0 193
227.0 180
228.0 216
229.0 198
230.0 203
231.0 223
232.0 193
233.0 200
234.0 181
235.0 218
236.0 166
237.0 207
238.0 190
239.0 200
240.0 176
241.0 216
242.0 195
243.0 190
244.0 197
245.0 174
246.0 179
247.0 200
248.0 207
249.0 192
250.0 203
251.0 204
252.0 185
253.0 207
254.0 193
255.0 175
256.0 179
257.0 187
258.0 197
259.0 218
260.0 199
261.0 188
262.0 193
263.0 203
264.0 191
265.0 205
266.0 201
267.0 188
268.0 186
269.0 183
270.0 207
271.0 160
272.0 183
273.0 170
274.0 205
275.0 189
276.0 180
277.0 200
278.0 190
279.0 184
280.0 183
281.0 154
282.0 190
283.0 169
284.0 201
285.0 178
286.0 183
287.0 181
288.0 191
289.0 202
290.0 183
291.0 178
292.0 183
293.0 167
294.0 171
295.0 189
296.0 182
297.0 184
298.0 187
299.0 164
300.0 154
301.0 168
302.0 164
303.0 173
304.0 185
305.0 151
306.0 178
307.0 188
308.0 169
309.0 176
310.0 183
311.0 180
312.0 190
313.0 175
314.0 151
315.0 157
316.0 162
317.0 176
318.0 152
319.0 198
320.0 174
321.0 169
322.0 167
323.0 163
324.0 173
325.0 167
326.0 175
327.0 184
328.0 184
329.0 169
330.0 185
331.0 160
332.0 164
333.0 169
334.0 164
335.0 171
336.0 177
337.0 170
338.0 172
339.0 163
340.0 156
341.0 148
342.0 154
343.0 166
344.0 169
345.0 176
346.0 164
347.0 162
348.0 166
349.0 150
350.0 170
351.0 154
352.0 167
353.0 158
354.0 180
355.0 149
356.0 184
357.0 160
358.0 145
359.0 146
360.0 161
361.0 175
362.0 159
363.0 176
364.0 159
365.0 173
366.0 162
367.0 174
368.0 133
369.0 152
370.0 146
371.0 173
372.0 167
373.0 138
374.0 166
375.0 155
376.0 160
377.0 166
378.0 171
379.0 157
380.0 180
381.0 145
382.0 142
383.0 147
384.0 162
385.0 174
386.0 146
387.0 154
388.0 163
389.0 161
390.0 147
391.0 142
392.0 141
393.0 157
394.0 153
395.0 159
396.0 162
397.0 165
398.0 156
399.0 156
400.0 124
401.0 163
402.0 154
403.0 152
404.0 139
405.0 145
406.0 170
407.0 167
408.0 154
409.0 137
410.0 140
411.0 171
412.0 156
413.0 152
414.0 150
415.0 132
416.0 163
417.0 147
418.0 158
419.0 158
420.0 150
421.0 144
422.0 143
423.0 137
424.0 155
425.0 134
426.0 150
427.0 167
428.0 160
429.0 137
430.0 130
431.0 148
432.0 135
433.0 161
434.0 134
435.0 155
436.0 138
437.0 170
438.0 152
439.0 160
440.0 151
441.0 144
442.0 119
443.0 147
444.0 131
445.0 150
446.0 137
447.0 122
448.0 130
449.0 117
450.0 129
451.0 139
452.0 129
453.0 130
454.0 135
455.0 139
456.0 128
457.0 132
458.0 135
459.0 144
460.0 162
461.0 153
462.0 118
463.0 143
464.0 122
465.0 139
466.0 142
467.0 124
468.0 127
469.0 128
470.0 139
471.0 135
472.0 113
473.0 150
474.0 116
475.0 121
476.0 130
477.0 130
478.0 134
479.0 146
480.0 111
481.0 140
482.0 135
483.0 150
484.0 143
485.0 132
486.0 160
487.0 113
488.0 141
489.0 120
490.0 134
491.0 132
492.0 140
493.0 128
494.0 137
495.0 125
496.0 138
497.0 151
498.0 132
499.0 132
500.0 114
501.0 147
502.0 118
503.0 142
504.0 111
505.0 133
506.0 127
507.0 149
508.0 126
509.0 119
510.0 120
511.0 146
512.0 121
513.0 140
514.0 133
515.0 133
516.0 129
517.0 134
518.0 114
519.0 132
520.0 121
521.0 151
522.0 126
523.0 135
524.0 133
525.0 129
526.0 124
527.0 133
528.0 118
529.0 136
530.0 114
531.0 134
532.0 133
533.0 112
534.0 121
535.0 132
536.0 113
537.0 123
538.0 129
539.0 131
540.0 118
541.0 115
542.0 103
543.0 122
544.0 121
545.0 121
546.0 135
547.0 122
548.0 132
549.0 104
550.0 121
551.0 117
552.0 136
553.0 124
554.0 114
555.0 126
556.0 125
557.0 144
558.0 144
559.0 121
560.0 109
561.0 123
562.0 122
563.0 110
564.0 114
565.0 122
566.0 117
567.0 122
568.0 126
569.0 159
570.0 131
571.0 119
572.0 125
573.0 104
574.0 122
575.0 122
576.0 107
577.0 114
578.0 111
579.0 131
580.0 128
581.0 138
582.0 114
583.0 127
584.0 125
585.0 107
586.0 123
587.0 116
588.0 115
589.0 113
590.0 104
591.0 104
592.0 102
593.0 117
594.0 117
595.0 99
596.0 116
597.0 117
598.0 108
599.0 113
600.0 93
601.0 120
602.0 112
603.0 105
604.0 101
605.0 111
606.0 118
607.0 102
608.0 109
609.0 124
610.0 90
611.0 99
612.0 122
613.0 108
614.0 100
615.0 102
616.0 131
617.0 95
618.0 108
619.0 111
620.0 122
621.0 120
622.0 107
623.0 110
624.0 92
625.0 136
626.0 103
627.0 97
628.0 122
629.0 93
630.0 121
631.0 101
632.0 119
633.0 101
634.0 114
635.0 95
636.0 123
637.0 117
638.0 109
639.0 96
640.0 106
641.0 115
642.0 119
643.0 100
644.0 119
645.0 92
646.0 114
647.0 104
648.0 98
649.0 96
650.0 117
651.0 110
652.0 102
653.0 110
654.0 129
655.0 87
656.0 100
657.0 99
658.0 91
659.0 100
660.0 100
661.0 108
662.0 88
663.0 113
664.0 108
665.0 120
666.0 108
667.0 122
668.0 88
669.0 99
670.0 104
671.0 83
672.0 100
673.0 88
674.0 107
675.0 97
676.0 103
677.0 101
678.0 101
679.0 103
680.0 117
681.0 105
682.0 117
683.0 118
684.0 87
685.0 100
686.0 111
687.0 95
688.0 107
689.0 107
690.0 104
691.0 107
692.0 112
693.0 86
694.0 85
695.0 106
696.0 93
697.0 119
698.0 93
699.0 117
700.0 106
701.0 102
702.0 101
703.0 87
704.0 97
705.0 93
706.0 95
707.0 101
708.0 97
709.0 120
710.0 88
711.0 100
712.0 105
713.0 73
714.0 82
715.0 97
716.0 108
717.0 97
718.0 77
719.0 109
720.0 111
721.0 101
722.0 88
723.0 104
724.0 94
725.0 100
726.0 108
727.0 108
728.0 100
729.0 103
730.0 91
731.0 112
732.0 103
733.0 104
734.0 92
735.0 83
736.0 113
737.0 93
738.0 95
739.0 81
740.0 91
741.0 89
742.0 105
743.0 90
744.0 109
745.0 94
746.0 108
747.0 108
748.0 95
749.0 98
750.0 111
751.0 91
752.0 90
753.0 111
754.0 96
755.0 125
756.0 100
757.0 107
758.0 76
759.0 76
760.0 76
761.0 107
762.0 99
763.0 108
764.0 109
765.0 78
766.0 93
767.0 94
768.0 101
769.0 87
770.0 82
771.0 104
772.0 108
773.0 86
774.0 84
775.0 96
776.0 93
777.0 85
778.0 101
779.0 89
780.0 80
781.0 88
782.0 85
783.0 90
784.0 83
785.0 89
786.0 90
787.0 85
788.0 91
789.0 88
790.0 83
791.0 84
792.0 84
793.0 88
794.0 83
795.0 93
796.0 94
797.0 85
798.0 99
799.0 74
800.0 86
801.0 105
802.0 89
803.0 97
804.0 90
805.0 94
806.0 97
807.0 83
808.0 77
809.0 89
810.0 98
811.0 74
812.0 77
813.0 88
814.0 85
815.0 97
816.0 89
817.0 78
818.0 84
819.0 100
820.0 85
821.0 105
822.0 101
823.0 102
824.0 79
825.0 80
826.0 84
827.0 86
828.0 91
829.0 90
830.0 85
831.0 84
832.0 89
833.0 94
834.0 88
835.0 92
836.0 74
837.0 79
838.0 101
839.0 85
840.0 89
841.0 88
842.0 86
843.0 77
844.0 95
845.0 86
846.0 86
847.0 79
848.0 85
849.0 75
850.0 69
851.0 101
852.0 92
853.0 82
854.0 74
855.0 83
856.0 75
857.0 83
858.0 75
859.0 86
860.0 84
861.0 103
862.0 71
863.0 77
864.0 98
865.0 78
866.0 76
867.0 77
868.0 88
869.0 100
870.0 80
871.0 82
872.0 77
873.0 75
874.0 86
875.0 92
876.0 90
877.0 77
878.0 79
879.0 80
880.0 90
881.0 87
882.0 85
883.0 89
884.0 74
885.0 68
886.0 83
887.0 76
888.0 72
889.0 88
890.0 94
891.0 93
892.0 80
893.0 78
894.0 81
895.0 80
896.0 61
897.0 81
898.0 81
899.0 74
900.0 76
901.0 90
902.0 94
903.0 73
904.0 71
905.0 86
906.0 84
907.0 88
908.0 82
909.0 77
910.0 77
911.0 82
912.0 79
913.0 86
914.0 85
915.0 75
916.0 91
917.0 64
918.0 76
919.0 67
920.0 74
921.0 81
922.0 84
923.0 78
924.0 88
925.0 82
926.0 73
927.0 93
928.0 89
929.0 76
930.0 84
931.0 91
932.0 82
933.0 84
934.0 67
935.0 88
936.0 81
937.0 95
938.0 84
939.0 71
940.0 85
941.0 69
942.0 75
943.0 80
944.0 57
945.0 83
946.0 85
947.0 77
948.0 73
949.0 58
950.0 84
951.0 77
952.0 75
953.0 91
954.0 86
955.0 77
956.0 67
957.0 83
958.0 87
959.0 73
960.0 88
961.0 82
962.0 70
963.0 89
964.0 76
965.0 79
966.0 75
967.0 93
968.0 70
969.0 70
970.0 81
971.0 73
972.0 67
973.0 74
974.0 95
975.0 92
976.0 86
977.0 73
978.0 67
979.0 74
980.0 77
981.0 84
982.0 71
983.0 76
984.0 84
985.0 74
986.0 73
987.0 78
988.0 68
989.0 79
990.0 72
991.0 77
992.0 68
993.0 76
994.0 75
995.0 76
996.0 80
997.0 80
998.0 79
999.0 88
1000.0 66
1001.0 68
1002.0 95
1003.0 66
1004.0 77
1005.0 80
1006.0 53
1007.0 64
1008.0 68
1009.0 75
1010.0 68
1011.0 59
1012.0 67
1013.0 86
1014.0 74
1015.0 68
1016.0 81
1017.0 94
1018.0 83
1019.0 75
1020.0 62
1021.0 58
1022.0 78
1023.0 83
1024.0 71
1025.0 84
1026.0 70
1027.0 70
1028.0 67
1029.0 74
1030.0 75
1031.0 73
1032.0 72
1033.0 81
1034.0 83
1035.0 88
1036.0 83
1037.0 63
1038.0 65
1039.0 75
1040.0 67
1041.0 69
1042.0 78
1043.0 65
1044.0 65
1045.0 65
1046.0 58
1047.0 71
1048.0 75
1049.0 71
1050.0 74
1051.0 64
1052.0 58
1053.0 97
1054.0 75
1055.0 74
1056.0 68
1057.0 79
1058.0 74
1059.0 57
1060.0 76
1061.0 67
1062.0 82
1063.0 64
1064.0 66
1065.0 65
1066.0 69
1067.0 52
1068.0 79
1069.0 78
1070.0 71
1071.0 61
1072.0 67
1073.0 66
1074.0 72
1075.0 63
1076.0 69
1077.0 64
1078.0 77
1079.0 78
1080.0 72
1081.0 66
1082.0 57
1083.0 69
1084.0 60
1085.0 87
1086.0 79
1087.0 73
1088.0 74
1089.0 55
1090.0 66
1091.0 68
1092.0 59
1093.0 74
1094.0 65
1095.0 66
1096.0 69
1097.0 80
1098.0 75
1099.0 72
1100.0 62
1101.0 60
1102.0 63
1103.0 47
1104.0 75
1105.0 84
1106.0 79
1107.0 63
1108.0 74
1109.0 74
1110.0 73
1111.0 74
1112.0 67
1113.0 61
1114.0 59
1115.0 54
1116.0 63
1117.0 90
1118.0 65
1119.0 67
1120.0 75
1121.0 80
1122.0 59
1123.0 70
1124.0 59
1125.0 73
1126.0 65
1127.0 83
1128.0 59
1129.0 81
1130.0 61
1131.0 68
1132.0 65
1133.0 70
1134.0 89
1135.0 70
1136.0 66
1137.0 57
1138.0 64
1139.0 75
1140.0 79
1141.0 69
1142.0 67
1143.0 68
1144.0 59
1145.0 74
1146.0 68
1147.0 64
1148.0 72
1149.0 62
1150.0 66
1151.0 49
1152.0 74
1153.0 64
1154.0 70
1155.0 61
1156.0 50
1157.0 48
1158.0 70
1159.0 61
1160.0 75
1161.0 62
1162.0 52
1163.0 80
1164.0 59
1165.0 52
1166.0 67
1167.0 66
1168.0 68
1169.0 73
1170.0 61
1171.0 66
1172.0 69
1173.0 41
1174.0 71
1175.0 72
1176.0 64
1177.0 69
1178.0 66
1179.0 71
1180.0 62
1181.0 58
1182.0 81
1183.0 61
1184.0 57
1185.0 50
1186.0 60
1187.0 59
1188.0 77
1189.0 73
1190.0 68
1191.0 63
1192.0 73
1193.0 71
1194.0 70
1195.0 68
1196.0 61
1197.0 56
1198.0 65
1199.0 60
1200.0 64
1201.0 59
1202.0 65
1203.0 60
1204.0 48
1205.0 65
1206.0 54
1207.0 65
1208.0 62
1209.0 53
1210.0 75
1211.0 68
1212.0 71
1213.0 51
1214.0 62
1215.0 57
1216.0 69
1217.0 63
1218.0 66
1219.0 61
1220.0 59
1221.0 71
1222.0 56
1223.0 73
1224.0 65
1225.0 66
1226.0 77
1227.0 60
1228.0 74
1229.0 81
1230.0 69
1231.0 51
1232.0 62
1233.0 61
1234.0 62
1235.0 70
1236.0 57
1237.0 69
1238.0 78
1239.0 74
1240.0 76
1241.0 40
1242.0 71
1243.0 59
1244.0 73
1245.0 60
1246.0 68
1247.0 53
1248.0 56
1249.0 65
1250.0 43
1251.0 52
1252.0 61
1253.0 69
1254.0 70
1255.0 74
1256.0 59
1257.0 58
1258.0 60
1259.0 73
1260.0 46
1261.0 57
1262.0 64
1263.0 49
1264.0 65
1265.0 58
1266.0 50
1267.0 53
1268.0 60
1269.0 61
1270.0 53
1271.0 66
1272.0 74
1273.0 60
1274.0 49
1275.0 60
1276.0 70
1277.0 62
1278.0 57
1279.0 68
1280.0 62
1281.0 48
1282.0 67
1283.0 59
1284.0 65
1285.0 61
1286.0 51
1287.0 56
1288.0 74
1289.0 63
1290.0 72
1291.0 63
1292.0 61
1293.0 62
1294.0 66
1295.0 59
1296.0 63
1297.0 73
1298.0 62
1299.0 50
1300.0 59
1301.0 57
1302.0 61
1303.0 54
1304.0 57
1305.0 60
1306.0 52
1307.0 63
1308.0 62
1309.0 45
1310.0 63
1311.0 41
1312.0 59
1313.0 61
1314.0 47
1315.0 53
1316.0 61
1317.0 63
1318.0 71
1319.0 66
1320.0 47
1321.0 61
1322.0 48
1323.0 60
1324.0 56
1325.0 74
1326.0 63
1327.0 57
1328.0 63
1329.0 61
1330.0 76
1331.0 61
1332.0 55
1333.0 61
1334.0 70
1335.0 71
1336.0 67
1337.0 65
1338.0 62
1339.0 61
1340.0 70
1341.0 54
1342.0 53
1343.0 58
1344.0 54
1345.0 60
1346.0 53
1347.0 73
1348.0 58
1349.0 67
1350.0 62
1351.0 64
1352.0 59
1353.0 68
1354.0 59
1355.0 59
1356.0 53
1357.0 57
1358.0 53
1359.0 63
1360.0 54
1361.0 61
1362.0 69
1363.0 69
1364.0 59
1365.0 44
1366.0 62
1367.0 79
1368.0 73
1369.0 70
1370.0 69
1371.0 50
1372.0 73
1373.0 50
1374.0 59
1375.0 48
1376.0 77
1377.0 47
1378.0 66
1379.0 60
1380.0 46
1381.0 56
1382.0 62
1383.0 64
1384.0 59
1385.0 75
1386.0 66
1387.0 70
1388.0 67
1389.0 51
1390.0 57
1391.0 74
1392.0 45
1393.0 60
1394.0 66
1395.0 62
1396.0 64
1397.0 69
1398.0 62
1399.0 62
1400.0 58
1401.0 62
1402.0 58
1403.0 59
1404.0 59
1405.0 70
1406.0 51
1407.0 56
1408.0 61
1409.0 62
1410.0 73
1411.0 50
1412.0 65
1413.0 45
1414.0 46
1415.0 64
1416.0 61
1417.0 73
1418.0 65
1419.0 64
1420.0 50
1421.0 55
1422.0 68
1423.0 59
1424.0 60
1425.0 73
1426.0 51
1427.0 61
1428.0 53
1429.0 59
1430.0 49
1431.0 61
1432.0 61
1433.0 62
1434.0 66
1435.0 43
1436.0 45
1437.0 77
1438.0 64
1439.0 73
1440.0 65
1441.0 55
1442.0 65
1443.0 51
1444.0 60
1445.0 69
1446.0 59
1447.0 62
1448.0 57
1449.0 58
1450.0 45
1451.0 57
1452.0 55
1453.0 63
1454.0 47
1455.0 50
1456.0 48
1457.0 61
1458.0 60
1459.0 58
1460.0 55
1461.0 59
1462.0 66
1463.0 52
1464.0 57
1465.0 61
1466.0 66
1467.0 55
1468.0 48
1469.0 49
1470.0 50
1471.0 71
1472.0 60
1473.0 65
1474.0 57
1475.0 61
1476.0 59
1477.0 48
1478.0 48
1479.0 66
1480.0 62
1481.0 59
1482.0 63
1483.0 53
1484.0 65
1485.0 71
1486.0 58
1487.0 58
1488.0 66
1489.0 57
1490.0 50
1491.0 63
1492.0 60
1493.0 70
1494.0 59
1495.0 53
1496.0 60
1497.0 62
1498.0 63
1499.0 58
1500.0 50
1501.0 55
1502.0 61
1503.0 53
1504.0 46
1505.0 77
1506.0 55
1507.0 74
1508.0 49
1509.0 62
1510.0 51
1511.0 59
1512.0 51
1513.0 58
1514.0 51
1515.0 44
1516.0 59
1517.0 62
1518.0 67
1519.0 70
1520.0 58
1521.0 58
1522.0 48
1523.0 57
1524.0 66
1525.0 58
1526.0 57
1527.0 68
1528.0 55
1529.0 49
1530.0 59
1531.0 55
1532.0 60
1533.0 54
1534.0 42
1535.0 50
1536.0 42
1537.0 70
1538.0 61
1539.0 59
1540.0 49
1541.0 56
1542.0 52
1543.0 60
1544.0 44
1545.0 42
1546.0 61
1547.0 60
1548.0 64
1549.0 63
1550.0 47
1551.0 53
1552.0 48
1553.0 69
1554.0 50
1555.0 53
1556.0 46
1557.0 60
1558.0 52
1559.0 66
1560.0 59
1561.0 57
1562.0 45
1563.0 55
1564.0 51
1565.0 51
1566.0 55
1567.0 38
1568.0 59
1569.0 55
1570.0 56
1571.0 54
1572.0 55
1573.0 58
1574.0 54
1575.0 66
1576.0 55
1577.0 58
1578.0 71
1579.0 56
1580.0 58
1581.0 53
1582.0 48
1583.0 57
1584.0 51
1585.0 61
1586.0 79
1587.0 53
1588.0 56
1589.0 55
1590.0 56
1591.0 65
1592.0 48
1593.0 55
1594.0 40
1595.0 54
1596.0 50
1597.0 53
1598.0 67
1599.0 57
1600.0 50
1601.0 63
1602.0 63
1603.0 48
1604.0 49
1605.0 73
1606.0 66
1607.0 65
1608.0 53
1609.0 54
1610.0 59
1611.0 52
1612.0 53
1613.0 54
1614.0 50
1615.0 40
1616.0 56
1617.0 51
1618.0 49
1619.0 58
1620.0 51
1621.0 77
1622.0 49
1623.0 55
1624.0 41
1625.0 54
1626.0 54
1627.0 59
1628.0 45
1629.0 46
1630.0 61
1631.0 44
1632.0 66
1633.0 51
1634.0 43
1635.0 49
1636.0 58
1637.0 51
1638.0 57
1639.0 52
1640.0 56
1641.0 40
1642.0 54
1643.0 59
1644.0 59
1645.0 49
1646.0 66
1647.0 46
1648.0 59
1649.0 49
1650.0 54
1651.0 48
1652.0 55
1653.0 64
1654.0 55
1655.0 42
1656.0 57
1657.0 61
1658.0 57
1659.0 51
1660.0 49
1661.0 55
1662.0 60
1663.0 66
1664.0 49
1665.0 52
1666.0 55
1667.0 57
1668.0 54
1669.0 60
1670.0 51
1671.0 45
1672.0 54
1673.0 56
1674.0 53
1675.0 75
1676.0 52
1677.0 52
1678.0 46
1679.0 51
1680.0 61
1681.0 54
1682.0 53
1683.0 54
1684.0 56
1685.0 53
1686.0 58
1687.0 60
1688.0 59
1689.0 53
1690.0 60
1691.0 47
1692.0 58
1693.0 55
1694.0 53
1695.0 54
1696.0 59
1697.0 44
1698.0 46
1699.0 42
1700.0 66
1701.0 62
1702.0 54
1703.0 54
1704.0 41
1705.0 60
1706.0 54
1707.0 58
1708.0 48
1709.0 49
1710.0 50
1711.0 50
1712.0 72
1713.0 52
1714.0 49
1715.0 53
1716.0 50
1717.0 67
1718.0 53
1719.0 58
1720.0 55
1721.0 53
1722.0 47
1723.0 54
1724.0 41
1725.0 57
1726.0 49
1727.0 49
1728.0 51
1729.0 44
1730.0 57
1731.0 59
1732.0 70
1733.0 48
1734.0 50
1735.0 60
1736.0 48
1737.0 53
1738.0 37
1739.0 44
1740.0 51
1741.0 56
1742.0 38
1743.0 34
1744.0 61
1745.0 47
1746.0 72
1747.0 47
1748.0 60
1749.0 51
1750.0 53
1751.0 54
1752.0 48
1753.0 42
1754.0 46
1755.0 57
1756.0 57
1757.0 68
1758.0 52
1759.0 49
1760.0 41
1761.0 49
1762.0 61
1763.0 49
1764.0 45
1765.0 43
1766.0 61
1767.0 49
1768.0 49
1769.0 66
1770.0 46
1771.0 39
1772.0 47
1773.0 53
1774.0 53
1775.0 56
1776.0 58
1777.0 46
1778.0 48
1779.0 46
1780.0 55
1781.0 46
1782.0 32
1783.0 57
1784.0 57
1785.0 61
1786.0 54
1787.0 59
1788.0 65
1789.0 49
1790.0 57
1791.0 58
1792.0 48
1793.0 51
1794.0 54
1795.0 46
1796.0 53
1797.0 60
1798.0 58
1799.0 50
1800.0 57
1801.0 65
1802.0 53
1803.0 54
1804.0 61
1805.0 45
1806.0 68
1807.0 54
1808.0 50
1809.0 55
1810.0 54
1811.0 50
1812.0 44
1813.0 47
1814.0 46
1815.0 54
1816.0 52
1817.0 54
1818.0 55
1819.0 53
1820.0 53
1821.0 49
1822.0 43
1823.0 56
1824.0 44
1825.0 34
1826.0 40
1827.0 41
1828.0 51
1829.0 56
1830.0 56
1831.0 50
1832.0 58
1833.0 46
1834.0 51
1835.0 50
1836.0 40
1837.0 57
1838.0 42
1839.0 51
1840.0 45
1841.0 62
1842.0 47
1843.0 53
1844.0 57
1845.0 51
1846.0 47
1847.0 59
1848.0 45
1849.0 49
1850.0 40
1851.0 51
1852.0 47
1853.0 54
1854.0 59
1855.0 56
1856.0 62
1857.0 53
1858.0 48
1859.0 60
1860.0 52
1861.0 50
1862.0 53
1863.0 53
1864.0 51
1865.0 36
1866.0 45
1867.0 56
1868.0 64
1869.0 53
1870.0 47
1871.0 44
1872.0 43
1873.0 59
1874.0 49
1875.0 54
1876.0 57
1877.0 50
1878.0 70
1879.0 52
1880.0 53
1881.0 54
1882.0 48
1883.0 56
1884.0 45
1885.0 57
1886.0 41
1887.0 42
1888.0 49
1889.0 64
1890.0 63
1891.0 45
1892.0 49
1893.0 48
1894.0 48
1895.0 42
1896.0 46
1897.0 59
1898.0 50
1899.0 44
1900.0 54
1901.0 58
1902.0 61
1903.0 39
1904.0 47
1905.0 51
1906.0 55
1907.0 54
1908.0 48
1909.0 47
1910.0 41
1911.0 37
1912.0 57
1913.0 56
1914.0 45
1915.0 50
1916.0 55
1917.0 45
1918.0 65
1919.0 35
1920.0 54
1921.0 57
1922.0 48
1923.0 49
1924.0 47
1925.0 37
1926.0 50
1927.0 60
1928.0 47
1929.0 41
1930.0 60
1931.0 49
1932.0 52
1933.0 53
1934.0 42
1935.0 40
1936.0 56
1937.0 42
1938.0 52
1939.0 48
1940.0 45
1941.0 37
1942.0 52
1943.0 48
1944.0 56
1945.0 36
1946.0 50
1947.0 52
1948.0 58
1949.0 60
1950.0 40
1951.0 53
1952.0 53
1953.0 50
1954.0 40
1955.0 65
1956.0 44
1957.0 57
1958.0 43
1959.0 52
1960.0 46
1961.0 45
1962.0 56
1963.0 56
1964.0 46
1965.0 54
1966.0 44
1967.0 49
1968.0 53
1969.0 32
1970.0 37
1971.0 36
1972.0 61
1973.0 33
1974.0 39
1975.0 43
1976.0 56
1977.0 64
1978.0 45
1979.0 47
1980.0 45
1981.0 34
1982.0 56
1983.0 53
1984.0 58
1985.0 52
1986.0 66
1987.0 51
1988.0 44
1989.0 50
1990.0 47
1991.0 56
1992.0 50
1993.0 50
1994.0 51
1995.0 44
1996.0 39
1997.0 38
1998.0 49
1999.0 50
2000.0 43
2001.0 50
2002.0 52
2003.0 34
2004.0 39
2005.0 40
2006.0 47
2007.0 55
2008.0 45
2009.0 42
2010.0 56
2011.0 58
2012.0 45
2013.0 58
2014.0 42
2015.0 38
2016.0 40
2017.0 58
2018.0 44
2019.0 50
2020.0 40
2021.0 48
2022.0 45
2023.0 58
2024.0 43
2025.0 49
2026.0 61
2027.0 44
2028.0 49
2029.0 38
2030.0 58
2031.0 55
2032.0 41
2033.0 58
2034.0 51
2035.0 53
2036.0 54
2037.0 43
2038.0 54
2039.0 49
2040.0 51
2041.0 40
2042.0 60
2043.0 48
2044.0 54
2045.0 38
2046.0 47
2047.0 52
2048.0 46
2049.0 47
2050.0 50
2051.0 46
2052.0 35
2053.0 46
2054.0 30
2055.0 47
2056.0 48
2057.0 54
2058.0 49
2059.0 60
2060.0 46
2061.0 44
2062.0 30
2063.0 44
2064.0 54
2065.0 52
2066.0 43
2067.0 43
2068.0 45
2069.0 54
2070.0 40
2071.0 55
2072.0 46
2073.0 53
2074.0 57
2075.0 53
2076.0 39
2077.0 45
2078.0 53
2079.0 49
2080.0 44
2081.0 50
2082.0 49
2083.0 43
2084.0 36
2085.0 54
2086.0 43
2087.0 53
2088.0 42
2089.0 47
2090.0 42
2091.0 37
2092.0 44
2093.0 33
2094.0 53
2095.0 53
2096.0 68
2097.0 44
2098.0 53
2099.0 36
2100.0 45
2101.0 46
2102.0 47
2103.0 52
2104.0 52
2105.0 54
2106.0 47
2107.0 48
2108.0 43
2109.0 59
2110.0 35
2111.0 49
2112.0 47
2113.0 44
2114.0 57
2115.0 46
2116.0 46
2117.0 49
2118.0 46
2119.0 40
2120.0 56
2121.0 57
2122.0 44
2123.0 38
2124.0 49
2125.0 47
2126.0 49
2127.0 38
2128.0 52
2129.0 58
2130.0 48
2131.0 49
2132.0 54
2133.0 46
2134.0 52
2135.0 36
2136.0 65
2137.0 44
2138.0 52
2139.0 42
2140.0 55
2141.0 34
2142.0 49
2143.0 60
2144.0 45
2145.0 30
2146.0 62
2147.0 40
2148.0 53
2149.0 36
2150.0 51
2151.0 44
2152.0 40
2153.0 51
2154.0 43
2155.0 47
2156.0 33
2157.0 45
2158.0 34
2159.0 44
2160.0 35
2161.0 45
2162.0 44
2163.0 45
2164.0 34
2165.0 46
2166.0 46
2167.0 51
2168.0 44
2169.0 42
2170.0 42
2171.0 53
2172.0 52
2173.0 43
2174.0 47
2175.0 53
2176.0 38
2177.0 57
2178.0 49
2179.0 52
2180.0 33
2181.0 48
2182.0 43
2183.0 51
2184.0 46
2185.0 53
2186.0 51
2187.0 47
2188.0 37
2189.0 40
2190.0 53
2191.0 54
2192.0 44
2193.0 39
2194.0 48
2195.0 46
2196.0 50
2197.0 47
2198.0 47
2199.0 51
2200.0 46
2201.0 58
2202.0 47
2203.0 53
2204.0 43
2205.0 34
2206.0 38
2207.0 48
2208.0 41
2209.0 49
2210.0 36
2211.0 46
2212.0 48
2213.0 44
2214.0 43
2215.0 42
2216.0 46
2217.0 35
2218.0 50
2219.0 48
2220.0 45
2221.0 45
2222.0 41
2223.0 50
2224.0 39
2225.0 53
2226.0 44
2227.0 38
2228.0 51
2229.0 46
2230.0 36
2231.0 42
2232.0 44
2233.0 64
2234.0 46
2235.0 49
2236.0 41
2237.0 46
2238.0 46
2239.0 35
2240.0 49
2241.0 48
2242.0 45
2243.0 39
2244.0 48
2245.0 48
2246.0 36
2247.0 39
2248.0 45
2249.0 35
2250.0 36
2251.0 41
2252.0 55
2253.0 31
2254.0 51
2255.0 50
2256.0 50
2257.0 58
2258.0 49
2259.0 55
2260.0 45
2261.0 46
2262.0 45
2263.0 44
2264.0 45
2265.0 51
2266.0 48
2267.0 35
2268.0 42
2269.0 45
2270.0 48
2271.0 39
2272.0 48
2273.0 48
2274.0 46
2275.0 48
2276.0 48
2277.0 47
2278.0 34
2279.0 48
2280.0 51
2281.0 46
2282.0 40
2283.0 42
2284.0 33
2285.0 51
2286.0 38
2287.0 46
2288.0 35
2289.0 54
2290.0 32
2291.0 48
2292.0 48
2293.0 35
2294.0 34
2295.0 41
2296.0 54
2297.0 46
2298.0 52
2299.0 51
2300.0 38
2301.0 44
2302.0 40
2303.0 44
2304.0 30
2305.0 35
2306.0 43
2307.0 48
2308.0 48
2309.0 40
2310.0 39
2311.0 44
2312.0 42
2313.0 33
2314.0 45
2315.0 43
2316.0 43
2317.0 37
2318.0 39
2319.0 51
2320.0 61
2321.0 44
2322.0 42
2323.0 44
2324.0 47
2325.0 55
2326.0 44
2327.0 43
2328.0 41
2329.0 45
2330.0 38
2331.0 47
2332.0 48
2333.0 45
2334.0 55
2335.0 39
2336.0 51
2337.0 48
2338.0 38
2339.0 45
2340.0 42
2341.0 45
2342.0 40
2343.0 31
2344.0 47
2345.0 45
2346.0 39
2347.0 40
2348.0 47
2349.0 44
2350.0 39
2351.0 62
2352.0 44
2353.0 49
2354.0 32
2355.0 40
2356.0 64
2357.0 52
2358.0 38
2359.0 42
2360.0 38
2361.0 41
2362.0 41
2363.0 43
2364.0 39
2365.0 50
2366.0 45
2367.0 48
2368.0 39
2369.0 35
2370.0 28
2371.0 40
2372.0 43
2373.0 38
2374.0 40
2375.0 44
2376.0 40
2377.0 45
2378.0 37
2379.0 39
2380.0 42
2381.0 40
2382.0 43
2383.0 40
2384.0 37
2385.0 44
2386.0 38
2387.0 47
2388.0 39
2389.0 45
2390.0 41
2391.0 37
2392.0 44
2393.0 40
2394.0 43
2395.0 39
2396.0 56
2397.0 46
2398.0 51
2399.0 42
2400.0 48
2401.0 39
2402.0 47
2403.0 45
2404.0 36
2405.0 36
2406.0 31
2407.0 37
2408.0 34
2409.0 48
2410.0 31
2411.0 36
2412.0 41
2413.0 42
2414.0 44
2415.0 29
2416.0 47
2417.0 45
2418.0 35
2419.0 39
2420.0 47
2421.0 43
2422.0 44
2423.0 35
2424.0 45
2425.0 48
2426.0 49
2427.0 47
2428.0 40
2429.0 44
2430.0 34
2431.0 43
2432.0 42
2433.0 41
2434.0 44
2435.0 50
2436.0 46
2437.0 41
2438.0 38
2439.0 58
2440.0 46
2441.0 37
2442.0 40
2443.0 36
2444.0 37
2445.0 42
2446.0 39
2447.0 37
2448.0 42
2449.0 36
2450.0 48
2451.0 30
2452.0 41
2453.0 52
2454.0 35
2455.0 37
2456.0 35
2457.0 43
2458.0 49
2459.0 44
2460.0 48
2461.0 39
2462.0 49
2463.0 38
2464.0 45
2465.0 44
2466.0 46
2467.0 46
2468.0 38
2469.0 45
2470.0 55
2471.0 37
2472.0 51
2473.0 48
2474.0 39
2475.0 45
2476.0 39
2477.0 54
2478.0 43
2479.0 37
2480.0 43
2481.0 46
2482.0 46
2483.0 48
2484.0 37
2485.0 38
2486.0 40
2487.0 41
2488.0 48
2489.0 49
2490.0 38
2491.0 46
2492.0 39
2493.0 47
2494.0 47
2495.0 43
2496.0 46
2497.0 36
2498.0 55
2499.0 42
2500.0 42
2501.0 37
2502.0 49
2503.0 33
2504.0 39
2505.0 42
2506.0 40
2507.0 47
2508.0 33
2509.0 48
2510.0 37
2511.0 45
2512.0 48
2513.0 43
2514.0 55
2515.0 45
2516.0 42
2517.0 37
2518.0 38
2519.0 29
2520.0 39
2521.0 28
2522.0 42
2523.0 39
2524.0 47
2525.0 39
2526.0 44
2527.0 36
2528.0 42
2529.0 46
2530.0 53
2531.0 48
2532.0 29
2533.0 33
2534.0 47
2535.0 34
2536.0 49
2537.0 46
2538.0 41
2539.0 37
2540.0 31
2541.0 38
2542.0 44
2543.0 24
2544.0 45
2545.0 38
2546.0 45
2547.0 44
2548.0 39
2549.0 33
2550.0 45
2551.0 40
2552.0 50
2553.0 35
2554.0 37
2555.0 40
2556.0 42
2557.0 39
2558.0 49
2559.0 44
2560.0 41
2561.0 28
2562.0 41
2563.0 37
2564.0 44
2565.0 43
2566.0 39
2567.0 34
2568.0 37
2569.0 46
2570.0 33
2571.0 29
2572.0 51
2573.0 40
2574.0 46
2575.0 37
2576.0 36
2577.0 61
2578.0 39
2579.0 43
2580.0 36
2581.0 31
2582.0 40
2583.0 42
2584.0 40
2585.0 45
2586.0 36
2587.0 33
2588.0 37
2589.0 38
2590.0 32
2591.0 33
2592.0 43
2593.0 39
2594.0 46
2595.0 38
2596.0 35
2597.0 36
2598.0 40
2599.0 40
2600.0 40
2601.0 36
2602.0 48
2603.0 35
2604.0 37
2605.0 46
2606.0 49
2607.0 35
2608.0 39
2609.0 32
2610.0 43
2611.0 41
2612.0 38
2613.0 38
2614.0 36
2615.0 55
2616.0 41
2617.0 35
2618.0 27
2619.0 38
2620.0 39
2621.0 40
2622.0 38
2623.0 37
2624.0 42
2625.0 41
2626.0 38
2627.0 49
2628.0 37
2629.0 24
2630.0 47
2631.0 31
2632.0 35
2633.0 36
2634.0 37
2635.0 50
2636.0 36
2637.0 44
2638.0 40
2639.0 30
2640.0 38
2641.0 39
2642.0 36
2643.0 48
2644.0 42
2645.0 42
2646.0 41
2647.0 48
2648.0 43
2649.0 31
2650.0 47
2651.0 47
2652.0 40
2653.0 47
2654.0 44
2655.0 35
2656.0 48
2657.0 40
2658.0 44
2659.0 40
2660.0 37
2661.0 41
2662.0 33
2663.0 43
2664.0 34
2665.0 36
2666.0 38
2667.0 41
2668.0 37
2669.0 33
2670.0 42
2671.0 37
2672.0 42
2673.0 42
2674.0 35
2675.0 48
2676.0 45
2677.0 45
2678.0 36
2679.0 47
2680.0 36
2681.0 42
2682.0 41
2683.0 31
2684.0 59
2685.0 35
2686.0 31
2687.0 43
2688.0 50
2689.0 37
2690.0 42
2691.0 38
2692.0 37
2693.0 36
2694.0 36
2695.0 36
2696.0 42
2697.0 40
2698.0 34
2699.0 42
2700.0 40
2701.0 41
2702.0 42
2703.0 39
2704.0 33
2705.0 39
2706.0 43
2707.0 37
2708.0 24
2709.0 38
2710.0 38
2711.0 39
2712.0 35
2713.0 31
2714.0 45
2715.0 46
2716.0 35
2717.0 29
2718.0 34
2719.0 33
2720.0 36
2721.0 37
2722.0 35
2723.0 32
2724.0 46
2725.0 38
2726.0 35
2727.0 31
2728.0 38
2729.0 38
2730.0 37
2731.0 40
2732.0 36
2733.0 32
2734.0 47
2735.0 35
2736.0 42
2737.0 39
2738.0 46
2739.0 35
2740.0 42
2741.0 31
2742.0 29
2743.0 41
2744.0 28
2745.0 32
2746.0 44
2747.0 34
2748.0 31
2749.0 48
2750.0 27
2751.0 33
2752.0 43
2753.0 43
2754.0 36
2755.0 37
2756.0 42
2757.0 43
2758.0 37
2759.0 33
2760.0 26
2761.0 38
2762.0 33
2763.0 41
2764.0 31
2765.0 37
2766.0 43
2767.0 25
2768.0 33
2769.0 25
2770.0 32
2771.0 44
2772.0 42
2773.0 36
2774.0 44
2775.0 32
2776.0 23
2777.0 28
2778.0 32
2779.0 33
2780.0 42
2781.0 33
2782.0 29
2783.0 29
2784.0 29
2785.0 40
2786.0 36
2787.0 30
2788.0 44
2789.0 38
2790.0 38
2791.0 38
2792.0 34
2793.0 32
2794.0 30
2795.0 39
2796.0 26
2797.0 42
2798.0 45
2799.0 44
2800.0 37
2801.0 21
2802.0 40
2803.0 43
2804.0 34
2805.0 32
2806.0 36
2807.0 32
2808.0 33
2809.0 40
2810.0 30
2811.0 39
2812.0 31
2813.0 36
2814.0 37
2815.0 43
2816.0 39
2817.0 37
2818.0 45
2819.0 33
2820.0 29
2821.0 39
2822.0 44
2823.0 39
2824.0 43
2825.0 49
2826.0 30
2827.0 39
2828.0 32
2829.0 38
2830.0 43
2831.0 42
2832.0 36
2833.0 38
2834.0 22
2835.0 45
2836.0 35
2837.0 41
2838.0 38
2839.0 34
2840.0 37
2841.0 35
2842.0 30
2843.0 32
2844.0 41
2845.0 38
2846.0 36
2847.0 40
2848.0 30
2849.0 37
2850.0 36
2851.0 45
2852.0 43
2853.0 34
2854.0 43
2855.0 25
2856.0 34
2857.0 35
2858.0 39
2859.0 44
2860.0 21
2861.0 41
2862.0 31
2863.0 39
2864.0 34
2865.0 39
2866.0 34
2867.0 27
2868.0 38
2869.0 36
2870.0 25
2871.0 34
2872.0 41
2873.0 32
2874.0 39
2875.0 37
2876.0 31
2877.0 30
2878.0 36
2879.0 26
2880.0 25
2881.0 35
2882.0 29
2883.0 35
2884.0 47
2885.0 39
2886.0 45
2887.0 39
2888.0 34
2889.0 36
2890.0 33
2891.0 46
2892.0 32
2893.0 34
2894.0 43
2895.0 32
2896.0 32
2897.0 35
2898.0 37
2899.0 28
2900.0 37
2901.0 34
2902.0 26
2903.0 32
2904.0 34
2905.0 34
2906.0 27
2907.0 46
2908.0 32
2909.0 42
2910.0 28
2911.0 39
2912.0 36
2913.0 40
2914.0 39
2915.0 37
2916.0 35
2917.0 33
2918.0 34
2919.0 40
2920.0 38
2921.0 36
2922.0 37
2923.0 41
2924.0 37
2925.0 30
2926.0 33
2927.0 38
2928.0 32
2929.0 39
2930.0 27
2931.0 58
2932.0 39
2933.0 38
2934.0 30
2935.0 35
2936.0 34
2937.0 33
2938.0 28
2939.0 35
2940.0 54
2941.0 34
2942.0 40
2943.0 46
2944.0 37
2945.0 35
2946.0 32
2947.0 38
2948.0 33
2949.0 33
2950.0 43
2951.0 33
2952.0 31
2953.0 28
2954.0 37
2955.0 21
2956.0 36
2957.0 33
2958.0 30
2959.0 34
2960.0 30
2961.0 32
2962.0 28
2963.0 29
2964.0 39
2965.0 34
2966.0 38
2967.0 35
2968.0 38
2969.0 33
2970.0 32
2971.0 38
2972.0 31
2973.0 28
2974.0 36
2975.0 28
2976.0 30
2977.0 43
2978.0 33
2979.0 39
2980.0 31
2981.0 43
2982.0 52
2983.0 30
2984.0 39
2985.0 25
2986.0 37
2987.0 29
2988.0 47
2989.0 32
2990.0 40
2991.0 36
2992.0 20
2993.0 34
2994.0 41
2995.0 34
2996.0 37
2997.0 27
2998.0 40
2999.0 32
3000.0 38
3001.0 22
3002.0 27
3003.0 31
3004.0 26
3005.0 37
3006.0 38
3007.0 31
3008.0 30
3009.0 33
3010.0 32
3011.0 35
3012.0 33
3013.0 38
3014.0 28
3015.0 33
3016.0 35
3017.0 33
3018.0 37
3019.0 36
3020.0 32
3021.0 36
3022.0 36
3023.0 31
3024.0 30
3025.0 32
3026.0 33
3027.0 36
3028.0 25
3029.0 40
3030.0 36
3031.0 38
3032.0 40
3033.0 44
3034.0 43
3035.0 37
3036.0 36
3037.0 38
3038.0 39
3039.0 37
3040.0 28
3041.0 33
3042.0 38
3043.0 36
3044.0 30
3045.0 35
3046.0 40
3047.0 38
3048.0 29
3049.0 22
3050.0 43
3051.0 31
3052.0 30
3053.0 21
3054.0 33
3055.0 42
3056.0 32
3057.0 39
3058.0 34
3059.0 28
3060.0 28
3061.0 30
3062.0 35
3063.0 31
3064.0 39
3065.0 35
3066.0 22
3067.0 22
3068.0 34
3069.0 34
3070.0 27
3071.0 33
3072.0 34
3073.0 27
3074.0 42
3075.0 28
3076.0 38
3077.0 22
3078.0 35
3079.0 34
3080.0 37
3081.0 44
3082.0 45
3083.0 31
3084.0 35
3085.0 33
3086.0 29
3087.0 29
3088.0 29
3089.0 23
3090.0 25
3091.0 33
3092.0 29
3093.0 42
3094.0 31
3095.0 48
3096.0 34
3097.0 35
3098.0 42
3099.0 37
3100.0 30
3101.0 37
3102.0 35
3103.0 28
3104.0 42
3105.0 40
3106.0 34
3107.0 33
3108.0 28
3109.0 38
3110.0 34
3111.0 33
3112.0 34
3113.0 34
3114.0 25
3115.0 30
3116.0 37
3117.0 35
3118.0 29
3119.0 37
3120.0 34
3121.0 33
3122.0 33
3123.0 35
3124.0 35
3125.0 26
3126.0 29
3127.0 28
3128.0 26
3129.0 28
3130.0 29
3131.0 39
3132.0 27
3133.0 36
3134.0 26
3135.0 35
3136.0 39
3137.0 26
3138.0 33
3139.0 32
3140.0 30
3141.0 34
3142.0 24
3143.0 37
3144.0 34
3145.0 28
3146.0 30
3147.0 29
3148.0 38
3149.0 35
3150.0 40
3151.0 34
3152.0 20
3153.0 28
3154.0 43
3155.0 37
3156.0 30
3157.0 38
3158.0 27
3159.0 21
3160.0 24
3161.0 41
3162.0 35
3163.0 35
3164.0 35
3165.0 41
3166.0 30
3167.0 30
3168.0 43
3169.0 30
3170.0 22
3171.0 41
3172.0 38
3173.0 36
3174.0 36
3175.0 43
3176.0 40
3177.0 33
3178.0 28
3179.0 22
3180.0 32
3181.0 32
3182.0 25
3183.0 34
3184.0 40
3185.0 28
3186.0 35
3187.0 38
3188.0 27
3189.0 40
3190.0 27
3191.0 38
3192.0 21
3193.0 38
3194.0 27
3195.0 32
3196.0 31
3197.0 36
3198.0 24
3199.0 28
3200.0 37
3201.0 37
3202.0 26
3203.0 35
3204.0 39
3205.0 31
3206.0 38
3207.0 31
3208.0 38
3209.0 26
3210.0 23
3211.0 27
3212.0 41
3213.0 35
3214.0 26
3215.0 27
3216.0 25
3217.0 28
3218.0 35
3219.0 31
3220.0 29
3221.0 26
3222.0 30
3223.0 32
3224.0 40
3225.0 32
3226.0 24
3227.0 28
3228.0 31
3229.0 38
3230.0 28
3231.0 42
3232.0 28
3233.0 32
3234.0 30
3235.0 27
3236.0 31
3237.0 34
3238.0 25
3239.0 27
3240.0 23
3241.0 31
3242.0 36
3243.0 24
3244.0 35
3245.0 45
3246.0 29
3247.0 37
3248.0 28
3249.0 33
3250.0 28
3251.0 37
3252.0 39
3253.0 29
3254.0 42
3255.0 33
3256.0 46
3257.0 28
3258.0 34
3259.0 42
3260.0 26
3261.0 28
3262.0 30
3263.0 33
3264.0 36
3265.0 31
3266.0 32
3267.0 32
3268.0 28
3269.0 31
3270.0 28
3271.0 22
3272.0 26
3273.0 29
3274.0 30
3275.0 31
3276.0 43
3277.0 33
3278.0 25
3279.0 38
3280.0 32
3281.0 31
3282.0 33
3283.0 24
3284.0 35
3285.0 31
3286.0 34
3287.0 26
3288.0 29
3289.0 24
3290.0 28
3291.0 34
3292.0 32
3293.0 33
3294.0 37
3295.0 27
3296.0 30
3297.0 25
3298.0 34
3299.0 33
3300.0 24
3301.0 26
3302.0 22
3303.0 25
3304.0 21
3305.0 26
3306.0 33
3307.0 32
3308.0 31
3309.0 28
3310.0 30
3311.0 26
3312.0 38
3313.0 32
3314.0 32
3315.0 36
3316.0 24
3317.0 33
3318.0 28
3319.0 29
3320.0 34
3321.0 32
3322.0 34
3323.0 36
3324.0 33
3325.0 31
3326.0 33
3327.0 35
3328.0 37
3329.0 26
3330.0 32
3331.0 30
3332.0 37
3333.0 37
3334.0 32
3335.0 38
3336.0 40
3337.0 34
3338.0 32
3339.0 31
3340.0 37
3341.0 29
3342.0 33
3343.0 23
3344.0 24
3345.0 27
3346.0 32
3347.0 25
3348.0 28
3349.0 25
3350.0 36
3351.0 33
3352.0 37
3353.0 35
3354.0 29
3355.0 28
3356.0 28
3357.0 30
3358.0 44
3359.0 23
3360.0 28
3361.0 29
3362.0 20
3363.0 24
3364.0 36
3365.0 38
3366.0 30
3367.0 31
3368.0 34
3369.0 32
3370.0 26
3371.0 27
3372.0 35
3373.0 28
3374.0 36
3375.0 38
3376.0 33
3377.0 34
3378.0 36
3379.0 33
3380.0 27
3381.0 30
3382.0 24
3383.0 36
3384.0 23
3385.0 37
3386.0 38
3387.0 35
3388.0 34
3389.0 24
3390.0 29
3391.0 28
3392.0 33
3393.0 26
3394.0 39
3395.0 31
3396.0 27
3397.0 29
3398.0 28
3399.0 41
3400.0 41
3401.0 32
3402.0 20
3403.0 38
3404.0 34
3405.0 31
3406.0 35
3407.0 32
3408.0 26
3409.0 28
3410.0 24
3411.0 39
3412.0 30
3413.0 27
3414.0 26
3415.0 21
3416.0 27
3417.0 43
3418.0 43
3419.0 26
3420.0 27
3421.0 23
3422.0 28
3423.0 25
3424.0 28
3425.0 25
3426.0 21
3427.0 33
3428.0 23
3429.0 34
3430.0 26
3431.0 26
3432.0 30
3433.0 32
3434.0 29
3435.0 30
3436.0 30
3437.0 29
3438.0 25
3439.0 36
3440.0 26
3441.0 36
3442.0 28
3443.0 33
3444.0 28
3445.0 28
3446.0 39
3447.0 38
3448.0 37
3449.0 18
3450.0 40
3451.0 24
3452.0 32
3453.0 28
3454.0 32
3455.0 30
3456.0 33
3457.0 33
3458.0 31
3459.0 28
3460.0 27
3461.0 41
3462.0 32
3463.0 22
3464.0 26
3465.0 30
3466.0 28
3467.0 27
3468.0 34
3469.0 28
3470.0 23
3471.0 31
3472.0 31
3473.0 29
3474.0 33
3475.0 33
3476.0 31
3477.0 28
3478.0 25
3479.0 20
3480.0 33
3481.0 33
3482.0 29
3483.0 25
3484.0 28
3485.0 33
3486.0 28
3487.0 46
3488.0 37
3489.0 26
3490.0 33
3491.0 32
3492.0 34
3493.0 36
3494.0 30
3495.0 28
3496.0 36
3497.0 38
3498.0 29
3499.0 28
3500.0 32
3501.0 41
3502.0 22
3503.0 35
3504.0 30
3505.0 19
3506.0 33
3507.0 21
3508.0 27
3509.0 28
3510.0 24
3511.0 26
3512.0 30
3513.0 15
3514.0 27
3515.0 31
3516.0 30
3517.0 28
3518.0 37
3519.0 26
3520.0 23
3521.0 39
3522.0 25
3523.0 29
3524.0 17
3525.0 35
3526.0 29
3527.0 29
3528.0 26
3529.0 39
3530.0 28
3531.0 20
3532.0 26
3533.0 32
3534.0 27
3535.0 34
3536.0 26
3537.0 26
3538.0 36
3539.0 38
3540.0 18
3541.0 28
3542.0 28
3543.0 30
3544.0 27
3545.0 23
3546.0 33
3547.0 32
3548.0 28
3549.0 30
3550.0 28
3551.0 40
3552.0 27
3553.0 27
3554.0 30
3555.0 30
3556.0 34
3557.0 33
3558.0 28
3559.0 30
3560.0 23
3561.0 36
3562.0 40
3563.0 25
3564.0 36
3565.0 23
3566.0 35
3567.0 26
3568.0 33
3569.0 21
3570.0 32
3571.0 28
3572.0 33
3573.0 26
3574.0 33
3575.0 24
3576.0 23
3577.0 32
3578.0 33
3579.0 32
3580.0 24
3581.0 33
3582.0 28
3583.0 21
3584.0 30
3585.0 31
3586.0 26
3587.0 24
3588.0 40
3589.0 28
3590.0 26
3591.0 33
3592.0 31
3593.0 28
3594.0 20
3595.0 35
3596.0 23
3597.0 21
3598.0 35
3599.0 21
3600.0 23
3601.0 30
3602.0 22
3603.0 33
3604.0 13
3605.0 37
3606.0 35
3607.0 26
3608.0 27
3609.0 20
3610.0 24
3611.0 23
3612.0 29
3613.0 35
3614.0 25
3615.0 26
3616.0 36
3617.0 25
3618.0 17
3619.0 27
3620.0 29
3621.0 37
3622.0 31
3623.0 28
3624.0 43
3625.0 24
3626.0 24
3627.0 39
3628.0 33
3629.0 27
3630.0 18
3631.0 38
3632.0 34
3633.0 30
3634.0 27
3635.0 31
3636.0 19
3637.0 19
3638.0 32
3639.0 28
3640.0 30
3641.0 31
3642.0 32
3643.0 19
3644.0 20
3645.0 25
3646.0 22
3647.0 28
3648.0 30
3649.0 28
3650.0 29
3651.0 20
3652.0 33
3653.0 22
3654.0 30
3655.0 16
3656.0 38
3657.0 22
3658.0 35
3659.0 19
3660.0 29
3661.0 18
3662.0 27
3663.0 22
3664.0 22
3665.0 28
3666.0 24
3667.0 22
3668.0 35
3669.0 26
3670.0 30
3671.0 29
3672.0 31
3673.0 25
3674.0 31
3675.0 25
3676.0 25
3677.0 27
3678.0 24
3679.0 27
3680.0 26
3681.0 35
3682.0 16
3683.0 20
3684.0 24
3685.0 17
3686.0 29
3687.0 38
3688.0 33
3689.0 21
3690.0 21
3691.0 31
3692.0 27
3693.0 28
3694.0 26
3695.0 25
3696.0 25
3697.0 27
3698.0 27
3699.0 31
3700.0 23
3701.0 37
3702.0 24
3703.0 22
3704.0 29
3705.0 24
3706.0 24
3707.0 33
3708.0 24
3709.0 32
3710.0 29
3711.0 33
3712.0 31
3713.0 20
3714.0 23
3715.0 29
3716.0 24
3717.0 25
3718.0 29
3719.0 15
3720.0 26
3721.0 33
3722.0 35
3723.0 22
3724.0 31
3725.0 29
3726.0 36
3727.0 30
3728.0 29
3729.0 24
3730.0 24
3731.0 23
3732.0 25
3733.0 29
3734.0 30
3735.0 37
3736.0 24
3737.0 33
3738.0 30
3739.0 30
3740.0 29
3741.0 25
3742.0 31
3743.0 29
3744.0 25
3745.0 24
3746.0 21
3747.0 30
3748.0 31
3749.0 27
3750.0 33
3751.0 27
3752.0 22
3753.0 28
3754.0 20
3755.0 31
3756.0 23
3757.0 26
3758.0 26
3759.0 32
3760.0 21
3761.0 20
3762.0 19
3763.0 31
3764.0 32
3765.0 24
3766.0 22
3767.0 22
3768.0 28
3769.0 23
3770.0 28
3771.0 16
3772.0 24
3773.0 22
3774.0 22
3775.0 27
3776.0 25
3777.0 19
3778.0 27
3779.0 33
3780.0 22
3781.0 26
3782.0 25
3783.0 34
3784.0 29
3785.0 26
3786.0 36
3787.0 26
3788.0 27
3789.0 36
3790.0 30
3791.0 22
3792.0 37
3793.0 20
3794.0 23
3795.0 29
3796.0 24
3797.0 23
3798.0 20
3799.0 21
3800.0 25
3801.0 25
3802.0 24
3803.0 31
3804.0 25
3805.0 18
3806.0 21
3807.0 28
3808.0 32
3809.0 26
3810.0 21
3811.0 28
3812.0 24
3813.0 21
3814.0 24
3815.0 32
3816.0 25
3817.0 31
3818.0 28
3819.0 29
3820.0 23
3821.0 30
3822.0 18
3823.0 34
3824.0 28
3825.0 32
3826.0 18
3827.0 18
3828.0 24
3829.0 31
3830.0 21
3831.0 20
3832.0 21
3833.0 21
3834.0 16
3835.0 18
3836.0 36
3837.0 29
3838.0 25
3839.0 25
3840.0 25
3841.0 28
3842.0 40
3843.0 27
3844.0 21
3845.0 23
3846.0 22
3847.0 33
3848.0 24
3849.0 24
3850.0 22
3851.0 21
3852.0 26
3853.0 26
3854.0 17
3855.0 26
3856.0 19
3857.0 33
3858.0 35
3859.0 34
3860.0 26
3861.0 23
3862.0 23
3863.0 29
3864.0 30
3865.0 30
3866.0 32
3867.0 41
3868.0 24
3869.0 24
3870.0 20
3871.0 32
3872.0 28
3873.0 23
3874.0 23
3875.0 29
3876.0 40
3877.0 31
3878.0 21
3879.0 34
3880.0 26
3881.0 23
3882.0 24
3883.0 21
3884.0 29
3885.0 21
3886.0 22
3887.0 23
3888.0 22
3889.0 24
3890.0 28
3891.0 23
3892.0 24
3893.0 26
3894.0 19
3895.0 21
3896.0 27
3897.0 23
3898.0 18
3899.0 23
3900.0 25
3901.0 21
3902.0 20
3903.0 31
3904.0 23
3905.0 27
3906.0 31
3907.0 24
3908.0 23
3909.0 23
3910.0 29
3911.0 26
3912.0 27
3913.0 28
3914.0 30
3915.0 28
3916.0 17
3917.0 34
3918.0 24
3919.0 27
3920.0 35
3921.0 29
3922.0 30
3923.0 27
3924.0 23
3925.0 11
3926.0 27
3927.0 20
3928.0 20
3929.0 24
3930.0 23
3931.0 31
3932.0 32
3933.0 33
3934.0 30
3935.0 21
3936.0 29
3937.0 26
3938.0 30
3939.0 25
3940.0 20
3941.0 25
3942.0 19
3943.0 26
3944.0 18
3945.0 20
3946.0 24
3947.0 18
3948.0 28
3949.0 24
3950.0 17
3951.0 25
3952.0 21
3953.0 20
3954.0 26
3955.0 12
3956.0 30
3957.0 28
3958.0 26
3959.0 35
3960.0 26
3961.0 26
3962.0 23
3963.0 22
3964.0 29
3965.0 26
3966.0 19
3967.0 27
3968.0 22
3969.0 23
3970.0 29
3971.0 28
3972.0 26
3973.0 21
3974.0 20
3975.0 32
3976.0 21
3977.0 17
3978.0 30
3979.0 15
3980.0 27
3981.0 21
3982.0 21
3983.0 31
3984.0 22
3985.0 31
3986.0 29
3987.0 22
3988.0 21
3989.0 18
3990.0 24
3991.0 21
3992.0 25
3993.0 25
3994.0 26
3995.0 30
3996.0 21
3997.0 26
3998.0 19
3999.0 22
4000.0 24
4001.0 23
4002.0 25
4003.0 29
4004.0 30
4005.0 20
4006.0 21
4007.0 17
4008.0 32
4009.0 19
4010.0 18
4011.0 35
4012.0 25
4013.0 23
4014.0 21
4015.0 30
4016.0 26
4017.0 22
4018.0 29
4019.0 24
4020.0 24
4021.0 22
4022.0 23
4023.0 15
4024.0 32
4025.0 24
4026.0 21
4027.0 29
4028.0 34
4029.0 24
4030.0 23
4031.0 13
4032.0 24
4033.0 30
4034.0 33
4035.0 27
4036.0 24
4037.0 23
4038.0 21
4039.0 23
4040.0 32
4041.0 28
4042.0 18
4043.0 16
4044.0 20
4045.0 18
4046.0 34
4047.0 24
4048.0 24
4049.0 28
4050.0 25
4051.0 23
4052.0 28
4053.0 15
4054.0 30
4055.0 22
4056.0 23
4057.0 27
4058.0 35
4059.0 20
4060.0 30
4061.0 26
4062.0 16
4063.0 21
4064.0 15
4065.0 22
4066.0 25
4067.0 19
4068.0 28
4069.0 26
4070.0 14
4071.0 17
4072.0 23
4073.0 25
4074.0 22
4075.0 28
4076.0 26
4077.0 26
4078.0 26
4079.0 21
4080.0 28
4081.0 22
4082.0 26
4083.0 30
4084.0 22
4085.0 22
4086.0 30
4087.0 19
4088.0 23
4089.0 20
4090.0 19
4091.0 27
4092.0 24
4093.0 24
4094.0 21
4095.0 22
4096.0 25
4097.0 31
4098.0 27
4099.0 17
4100.0 23
4101.0 24
4102.0 25
4103.0 24
4104.0 21
4105.0 21
4106.0 23
4107.0 18
4108.0 23
4109.0 21
4110.0 14
4111.0 28
4112.0 26
4113.0 17
4114.0 26
4115.0 20
4116.0 22
4117.0 26
4118.0 18
4119.0 24
4120.0 25
4121.0 19
4122.0 17
4123.0 20
4124.0 24
4125.0 19
4126.0 26
4127.0 21
4128.0 23
4129.0 21
4130.0 17
4131.0 31
4132.0 16
4133.0 21
4134.0 21
4135.0 19
4136.0 24
4137.0 15
4138.0 37
4139.0 28
4140.0 25
4141.0 19
4142.0 19
4143.0 22
4144.0 21
4145.0 20
4146.0 16
4147.0 37
4148.0 14
4149.0 19
4150.0 15
4151.0 23
4152.0 16
4153.0 17
4154.0 19
4155.0 17
4156.0 25
4157.0 21
4158.0 25
4159.0 22
4160.0 21
4161.0 22
4162.0 20
4163.0 25
4164.0 22
4165.0 25
4166.0 20
4167.0 23
4168.0 20
4169.0 19
4170.0 20
4171.0 22
4172.0 29
4173.0 23
4174.0 27
4175.0 28
4176.0 23
4177.0 30
4178.0 24
4179.0 22
4180.0 27
4181.0 20
4182.0 29
4183.0 23
4184.0 30
4185.0 24
4186.0 23
4187.0 19
4188.0 21
4189.0 17
4190.0 24
4191.0 16
4192.0 23
4193.0 13
4194.0 22
4195.0 23
4196.0 17
4197.0 29
4198.0 16
4199.0 38
4200.0 19
4201.0 20
4202.0 24
4203.0 19
4204.0 22
4205.0 18
4206.0 25
4207.0 16
4208.0 24
4209.0 18
4210.0 21
4211.0 21
4212.0 31
4213.0 23
4214.0 24
4215.0 15
4216.0 19
4217.0 18
4218.0 20
4219.0 23
4220.0 29
4221.0 32
4222.0 22
4223.0 26
4224.0 22
4225.0 23
4226.0 26
4227.0 17
4228.0 24
4229.0 23
4230.0 20
4231.0 24
4232.0 22
4233.0 23
4234.0 27
4235.0 25
4236.0 33
4237.0 21
4238.0 20
4239.0 21
4240.0 31
4241.0 15
4242.0 25
4243.0 19
4244.0 17
4245.0 18
4246.0 23
4247.0 28
4248.0 25
4249.0 23
4250.0 19
4251.0 23
4252.0 10
4253.0 11
4254.0 14
4255.0 24
4256.0 18
4257.0 26
4258.0 19
4259.0 21
4260.0 23
4261.0 20
4262.0 22
4263.0 23
4264.0 18
4265.0 22
4266.0 23
4267.0 28
4268.0 29
4269.0 31
4270.0 18
4271.0 29
4272.0 28
4273.0 23
4274.0 19
4275.0 26
4276.0 21
4277.0 22
4278.0 27
4279.0 18
4280.0 33
4281.0 26
4282.0 25
4283.0 27
4284.0 15
4285.0 23
4286.0 25
4287.0 17
4288.0 22
4289.0 18
4290.0 18
4291.0 25
4292.0 11
4293.0 25
4294.0 16
4295.0 20
4296.0 21
4297.0 25
4298.0 28
4299.0 19
4300.0 23
4301.0 18
4302.0 25
4303.0 22
4304.0 16
4305.0 15
4306.0 17
4307.0 18
4308.0 21
4309.0 24
4310.0 18
4311.0 36
4312.0 25
4313.0 24
4314.0 21
4315.0 19
4316.0 31
4317.0 29
4318.0 27
4319.0 21
4320.0 23
4321.0 19
4322.0 24
4323.0 21
4324.0 21
4325.0 22
4326.0 20
4327.0 17
4328.0 25
4329.0 12
4330.0 11
4331.0 20
4332.0 27
4333.0 25
4334.0 21
4335.0 22
4336.0 17
4337.0 26
4338.0 22
4339.0 23
4340.0 28
4341.0 13
4342.0 16
4343.0 26
4344.0 19
4345.0 13
4346.0 16
4347.0 30
4348.0 25
4349.0 17
4350.0 17
4351.0 17
4352.0 18
4353.0 17
4354.0 23
4355.0 28
4356.0 17
4357.0 16
4358.0 13
4359.0 21
4360.0 17
4361.0 27
4362.0 16
4363.0 22
4364.0 20
4365.0 18
4366.0 19
4367.0 27
4368.0 25
4369.0 28
4370.0 23
4371.0 25
4372.0 25
4373.0 17
4374.0 16
4375.0 21
4376.0 24
4377.0 24
4378.0 16
4379.0 24
4380.0 18
4381.0 22
4382.0 18
4383.0 32
4384.0 26
4385.0 20
4386.0 22
4387.0 24
4388.0 19
4389.0 16
4390.0 21
4391.0 23
4392.0 28
4393.0 20
4394.0 25
4395.0 20
4396.0 23
4397.0 16
4398.0 19
4399.0 23
4400.0 26
4401.0 21
4402.0 27
4403.0 19
4404.0 24
4405.0 22
4406.0 22
4407.0 23
4408.0 31
4409.0 25
4410.0 29
4411.0 28
4412.0 27
4413.0 25
4414.0 22
4415.0 29
4416.0 19
4417.0 29
4418.0 17
4419.0 21
4420.0 21
4421.0 25
4422.0 19
4423.0 20
4424.0 22
4425.0 23
4426.0 16
4427.0 18
4428.0 20
4429.0 19
4430.0 14
4431.0 21
4432.0 16
4433.0 21
4434.0 21
4435.0 19
4436.0 15
4437.0 31
4438.0 16
4439.0 17
4440.0 14
4441.0 23
4442.0 21
4443.0 21
4444.0 24
4445.0 21
4446.0 25
4447.0 26
4448.0 22
4449.0 19
4450.0 16
4451.0 11
4452.0 29
4453.0 20
4454.0 20
4455.0 20
4456.0 18
4457.0 18
4458.0 22
4459.0 17
4460.0 18
4461.0 21
4462.0 23
4463.0 20
4464.0 14
4465.0 20
4466.0 17
4467.0 22
4468.0 28
4469.0 26
4470.0 21
4471.0 13
4472.0 17
4473.0 20
4474.0 22
4475.0 26
4476.0 17
4477.0 22
4478.0 16
4479.0 19
4480.0 18
4481.0 17
4482.0 17
4483.0 16
4484.0 16
4485.0 23
4486.0 23
4487.0 15
4488.0 14
4489.0 23
4490.0 19
4491.0 25
4492.0 25
4493.0 20
4494.0 25
4495.0 15
4496.0 12
4497.0 15
4498.0 13
4499.0 16
4500.0 21
4501.0 31
4502.0 21
4503.0 16
4504.0 17
4505.0 28
4506.0 13
4507.0 27
4508.0 24
4509.0 28
4510.0 14
4511.0 22
4512.0 18
4513.0 21
4514.0 13
4515.0 24
4516.0 21
4517.0 20
4518.0 19
4519.0 17
4520.0 18
4521.0 22
4522.0 22
4523.0 22
4524.0 19
4525.0 17
4526.0 14
4527.0 12
4528.0 21
4529.0 15
4530.0 12
4531.0 16
4532.0 15
4533.0 18
4534.0 21
4535.0 26
4536.0 23
4537.0 24
4538.0 16
4539.0 21
4540.0 23
4541.0 24
4542.0 25
4543.0 23
4544.0 16
4545.0 21
4546.0 13
4547.0 21
4548.0 18
4549.0 24
4550.0 20
4551.0 25
4552.0 25
4553.0 24
4554.0 18
4555.0 19
4556.0 16
4557.0 19
4558.0 21
4559.0 21
4560.0 13
4561.0 19
4562.0 15
4563.0 13
4564.0 19
4565.0 15
4566.0 10
4567.0 19
4568.0 25
4569.0 16
4570.0 22
4571.0 16
4572.0 21
4573.0 21
4574.0 20
4575.0 16
4576.0 23
4577.0 23
4578.0 21
4579.0 16
4580.0 26
4581.0 19
4582.0 17
4583.0 12
4584.0 24
4585.0 19
4586.0 25
4587.0 23
4588.0 23
4589.0 14
4590.0 17
4591.0 22
4592.0 18
4593.0 15
4594.0 27
4595.0 17
4596.0 23
4597.0 15
4598.0 20
4599.0 18
4600.0 16
4601.0 26
4602.0 13
4603.0 24
4604.0 21
4605.0 14
4606.0 20
4607.0 27
4608.0 23
4609.0 16
4610.0 17
4611.0 20
4612.0 18
4613.0 15
4614.0 15
4615.0 19
4616.0 22
4617.0 11
4618.0 15
4619.0 37
4620.0 17
4621.0 21
4622.0 23
4623.0 21
4624.0 16
4625.0 19
4626.0 18
4627.0 12
4628.0 26
4629.0 19
4630.0 9
4631.0 16
4632.0 16
4633.0 27
4634.0 15
4635.0 14
4636.0 13
4637.0 13
4638.0 18
4639.0 13
4640.0 18
4641.0 12
4642.0 16
4643.0 15
4644.0 20
4645.0 9
4646.0 17
4647.0 20
4648.0 24
4649.0 16
4650.0 18
4651.0 17
4652.0 12
4653.0 15
4654.0 14
4655.0 16
4656.0 16
4657.0 21
4658.0 19
4659.0 18
4660.0 22
4661.0 17
4662.0 18
4663.0 13
4664.0 25
4665.0 19
4666.0 18
4667.0 17
4668.0 21
4669.0 20
4670.0 24
4671.0 20
4672.0 15
4673.0 22
4674.0 19
4675.0 12
4676.0 23
4677.0 25
4678.0 11
4679.0 14
4680.0 19
4681.0 14
4682.0 15
4683.0 13
4684.0 13
4685.0 15
4686.0 20
4687.0 19
4688.0 22
4689.0 24
4690.0 22
4691.0 17
4692.0 17
4693.0 19
4694.0 15
4695.0 14
4696.0 19
4697.0 13
4698.0 14
4699.0 7
4700.0 17
4701.0 22
4702.0 29
4703.0 16
4704.0 11
4705.0 11
4706.0 16
4707.0 13
4708.0 24
4709.0 19
4710.0 20
4711.0 13
4712.0 17
4713.0 16
4714.0 19
4715.0 17
4716.0 19
4717.0 21
4718.0 20
4719.0 20
4720.0 14
4721.0 18
4722.0 17
4723.0 31
4724.0 18
4725.0 12
4726.0 20
4727.0 25
4728.0 13
4729.0 17
4730.0 17
4731.0 20
4732.0 17
4733.0 20
4734.0 20
4735.0 17
4736.0 14
4737.0 13
4738.0 22
4739.0 16
4740.0 10
4741.0 16
4742.0 18
4743.0 12
4744.0 15
4745.0 21
4746.0 15
4747.0 18
4748.0 11
4749.0 16
4750.0 20
4751.0 19
4752.0 16
4753.0 13
4754.0 18
4755.0 16
4756.0 21
4757.0 16
4758.0 11
4759.0 8
4760.0 27
4761.0 15
4762.0 16
4763.0 21
4764.0 17
4765.0 21
4766.0 19
4767.0 14
4768.0 19
4769.0 22
4770.0 21
4771.0 16
4772.0 16
4773.0 21
4774.0 10
4775.0 22
4776.0 18
4777.0 15
4778.0 16
4779.0 21
4780.0 19
4781.0 16
4782.0 12
4783.0 15
4784.0 16
4785.0 17
4786.0 19
4787.0 25
4788.0 12
4789.0 10
4790.0 12
4791.0 15
4792.0 15
4793.0 20
4794.0 12
4795.0 17
4796.0 11
4797.0 22
4798.0 16
4799.0 14
4800.0 15
4801.0 16
4802.0 16
4803.0 15
4804.0 13
4805.0 18
4806.0 13
4807.0 20
4808.0 16
4809.0 30
4810.0 13
4811.0 16
4812.0 16
4813.0 20
4814.0 17
4815.0 17
4816.0 18
4817.0 20
4818.0 6
4819.0 17
4820.0 25
4821.0 18
4822.0 14
4823.0 14
4824.0 13
4825.0 19
4826.0 13
4827.0 18
4828.0 14
4829.0 20
4830.0 22
4831.0 15
4832.0 20
4833.0 12
4834.0 22
4835.0 11
4836.0 33
4837.0 15
4838.0 16
4839.0 12
4840.0 13
4841.0 13
4842.0 13
4843.0 16
4844.0 20
4845.0 11
4846.0 14
4847.0 26
4848.0 13
4849.0 12
4850.0 11
4851.0 17
4852.0 14
4853.0 26
4854.0 14
4855.0 16
4856.0 12
4857.0 13
4858.0 27
4859.0 11
4860.0 17
4861.0 13
4862.0 15
4863.0 15
4864.0 21
4865.0 16
4866.0 15
4867.0 19
4868.0 14
4869.0 18
4870.0 16
4871.0 13
4872.0 15
4873.0 21
4874.0 9
4875.0 13
4876.0 17
4877.0 16
4878.0 18
4879.0 17
4880.0 13
4881.0 22
4882.0 15
4883.0 17
4884.0 14
4885.0 14
4886.0 18
4887.0 23
4888.0 24
4889.0 24
4890.0 13
4891.0 16
4892.0 19
4893.0 16
4894.0 20
4895.0 12
4896.0 13
4897.0 17
4898.0 20
4899.0 22
4900.0 18
4901.0 18
4902.0 16
4903.0 20
4904.0 18
4905.0 21
4906.0 19
4907.0 19
4908.0 24
4909.0 22
4910.0 15
4911.0 19
4912.0 20
4913.0 20
4914.0 15
4915.0 20
4916.0 17
4917.0 19
4918.0 12
4919.0 13
4920.0 20
4921.0 13
4922.0 16
4923.0 19
4924.0 11
4925.0 14
4926.0 14
4927.0 23
4928.0 19
4929.0 18
4930.0 12
4931.0 23
4932.0 24
4933.0 11
4934.0 13
4935.0 19
4936.0 17
4937.0 25
4938.0 23
4939.0 16
4940.0 14
4941.0 18
4942.0 17
4943.0 11
4944.0 21
4945.0 15
4946.0 17
4947.0 16
4948.0 19
4949.0 19
4950.0 24
4951.0 17
4952.0 25
4953.0 21
4954.0 21
4955.0 16
4956.0 21
4957.0 22
4958.0 16
4959.0 16
4960.0 9
4961.0 12
4962.0 14
4963.0 26
4964.0 15
4965.0 15
4966.0 21
4967.0 20
4968.0 19
4969.0 25
4970.0 16
4971.0 11
4972.0 14
4973.0 16
4974.0 13
4975.0 15
4976.0 15
4977.0 16
4978.0 16
4979.0 13
4980.0 10
4981.0 19
4982.0 13
4983.0 18
4984.0 18
4985.0 17
4986.0 17
4987.0 14
4988.0 16
4989.0 18
4990.0 13
4991.0 18
4992.0 14
4993.0 18
4994.0 17
4995.0 24
4996.0 15
4997.0 23
4998.0 16
4999.0 14
5000.0 13
5001.0 21
5002.0 16
5003.0 11
5004.0 21
5005.0 17
5006.0 13
5007.0 8
5008.0 21
5009.0 25
5010.0 18
5011.0 14
5012.0 18
5013.0 13
5014.0 17
5015.0 17
5016.0 19
5017.0 10
5018.0 8
5019.0 17
5020.0 20
5021.0 13
5022.0 16
5023.0 13
5024.0 18
5025.0 12
5026.0 14
5027.0 19
5028.0 19
5029.0 20
5030.0 15
5031.0 16
5032.0 21
5033.0 19
5034.0 15
5035.0 19
5036.0 14
5037.0 13
5038.0 16
5039.0 16
5040.0 20
5041.0 10
5042.0 16
5043.0 21
5044.0 12
5045.0 19
5046.0 13
5047.0 16
5048.0 16
5049.0 15
5050.0 16
5051.0 18
5052.0 16
5053.0 15
5054.0 13
5055.0 17
5056.0 18
5057.0 18
5058.0 13
5059.0 21
5060.0 19
5061.0 20
5062.0 13
5063.0 15
5064.0 15
5065.0 14
5066.0 14
5067.0 14
5068.0 22
5069.0 18
5070.0 19
5071.0 15
5072.0 15
5073.0 18
5074.0 15
5075.0 15
5076.0 17
5077.0 17
5078.0 20
5079.0 13
5080.0 26
5081.0 13
5082.0 16
5083.0 11
5084.0 12
5085.0 13
5086.0 20
5087.0 17
5088.0 20
5089.0 12
5090.0 15
5091.0 18
5092.0 20
5093.0 19
5094.0 13
5095.0 13
5096.0 20
5097.0 20
5098.0 18
5099.0 20
5100.0 15
5101.0 10
5102.0 15
5103.0 18
5104.0 30
5105.0 11
5106.0 16
5107.0 13
5108.0 17
5109.0 18
5110.0 12
5111.0 16
5112.0 14
5113.0 20
5114.0 12
5115.0 15
5116.0 15
5117.0 17
5118.0 19
5119.0 15
5120.0 12
5121.0 11
5122.0 15
5123.0 14
5124.0 13
5125.0 18
5126.0 13
5127.0 15
5128.0 14
5129.0 9
5130.0 24
5131.0 10
5132.0 17
5133.0 12
5134.0 15
5135.0 12
5136.0 14
5137.0 13
5138.0 16
5139.0 11
5140.0 18
5141.0 16
5142.0 11
5143.0 16
5144.0 10
5145.0 15
5146.0 16
5147.0 11
5148.0 17
5149.0 12
5150.0 12
5151.0 10
5152.0 24
5153.0 11
5154.0 12
5155.0 14
5156.0 13
5157.0 23
5158.0 18
5159.0 14
5160.0 15
5161.0 15
5162.0 14
5163.0 15
5164.0 18
5165.0 12
5166.0 23
5167.0 14
5168.0 9
5169.0 13
5170.0 17
5171.0 18
5172.0 9
5173.0 12
5174.0 12
5175.0 21
5176.0 10
5177.0 15
5178.0 21
5179.0 16
5180.0 5
5181.0 14
5182.0 12
5183.0 10
5184.0 11
5185.0 13
5186.0 12
5187.0 11
5188.0 11
5189.0 17
5190.0 11
5191.0 13
5192.0 13
5193.0 14
5194.0 10
5195.0 14
5196.0 10
5197.0 14
5198.0 19
5199.0 15
5200.0 12
5201.0 14
5202.0 12
5203.0 17
5204.0 12
5205.0 14
5206.0 11
5207.0 18
5208.0 19
5209.0 19
5210.0 14
5211.0 12
5212.0 16
5213.0 13
5214.0 18
5215.0 18
5216.0 12
5217.0 25
5218.0 12
5219.0 17
5220.0 14
5221.0 17
5222.0 14
5223.0 19
5224.0 17
5225.0 18
5226.0 16
5227.0 14
5228.0 8
5229.0 22
5230.0 17
5231.0 12
5232.0 13
5233.0 13
5234.0 20
5235.0 9
5236.0 19
5237.0 13
5238.0 14
5239.0 16
5240.0 15
5241.0 14
5242.0 15
5243.0 13
5244.0 17
5245.0 18
5246.0 17
5247.0 20
5248.0 8
5249.0 18
5250.0 19
5251.0 16
5252.0 19
5253.0 20
5254.0 14
5255.0 14
5256.0 12
5257.0 12
5258.0 14
5259.0 14
5260.0 11
5261.0 9
5262.0 14
5263.0 13
5264.0 12
5265.0 17
5266.0 13
5267.0 15
5268.0 14
5269.0 9
5270.0 5
5271.0 13
5272.0 13
5273.0 11
5274.0 16
5275.0 9
5276.0 20
5277.0 16
5278.0 14
5279.0 5
5280.0 15
5281.0 17
5282.0 10
5283.0 12
5284.0 14
5285.0 11
5286.0 14
5287.0 13
5288.0 20
5289.0 16
5290.0 11
5291.0 17
5292.0 19
5293.0 13
5294.0 16
5295.0 11
5296.0 14
5297.0 17
5298.0 15
5299.0 18
5300.0 14
5301.0 14
5302.0 11
5303.0 9
5304.0 9
5305.0 12
5306.0 18
5307.0 10
5308.0 17
5309.0 11
5310.0 9
5311.0 21
5312.0 12
5313.0 14
5314.0 12
5315.0 20
5316.0 19
5317.0 18
5318.0 17
5319.0 15
5320.0 13
5321.0 8
5322.0 8
5323.0 12
5324.0 15
5325.0 18
5326.0 26
5327.0 8
5328.0 12
5329.0 14
5330.0 16
5331.0 16
5332.0 11
5333.0 20
5334.0 16
5335.0 9
5336.0 18
5337.0 16
5338.0 7
5339.0 22
5340.0 9
5341.0 15
5342.0 15
5343.0 10
5344.0 13
5345.0 11
5346.0 6
5347.0 9
5348.0 14
5349.0 9
5350.0 15
5351.0 14
5352.0 14
5353.0 14
5354.0 17
5355.0 5
5356.0 13
5357.0 13
5358.0 6
5359.0 11
5360.0 18
5361.0 13
5362.0 20
5363.0 22
5364.0 7
5365.0 21
5366.0 15
5367.0 14
5368.0 11
5369.0 11
5370.0 17
5371.0 18
5372.0 6
5373.0 14
5374.0 7
5375.0 16
5376.0 19
5377.0 16
5378.0 15
5379.0 20
5380.0 8
5381.0 13
5382.0 7
5383.0 14
5384.0 15
5385.0 10
5386.0 14
5387.0 9
5388.0 6
5389.0 10
5390.0 19
5391.0 12
5392.0 19
5393.0 14
5394.0 11
5395.0 7
5396.0 14
5397.0 15
5398.0 13
5399.0 7
5400.0 8
5401.0 9
5402.0 17
5403.0 15
5404.0 15
5405.0 8
5406.0 8
5407.0 12
5408.0 11
5409.0 9
5410.0 8
5411.0 8
5412.0 11
5413.0 4
5414.0 10
5415.0 19
5416.0 9
5417.0 13
5418.0 14
5419.0 12
5420.0 6
5421.0 15
5422.0 12
5423.0 9
5424.0 17
5425.0 13
5426.0 20
5427.0 7
5428.0 19
5429.0 17
5430.0 18
5431.0 12
5432.0 6
5433.0 16
5434.0 9
5435.0 10
5436.0 19
5437.0 14
5438.0 11
5439.0 8
5440.0 8
5441.0 11
5442.0 28
5443.0 13
5444.0 8
5445.0 13
5446.0 12
5447.0 12
5448.0 16
5449.0 15
5450.0 8
5451.0 10
5452.0 16
5453.0 5
5454.0 14
5455.0 14
5456.0 7
5457.0 11
5458.0 16
5459.0 12
5460.0 13
5461.0 10
5462.0 15
5463.0 9
5464.0 12
5465.0 14
5466.0 13
5467.0 11
5468.0 20
5469.0 16
5470.0 8
5471.0 9
5472.0 13
5473.0 7
5474.0 13
5475.0 16
5476.0 13
5477.0 21
5478.0 11
5479.0 10
5480.0 9
5481.0 11
5482.0 15
5483.0 13
5484.0 15
5485.0 8
5486.0 13
5487.0 9
5488.0 9
5489.0 9
5490.0 11
5491.0 11
5492.0 7
5493.0 8
5494.0 12
5495.0 9
5496.0 16
5497.0 7
5498.0 16
5499.0 13
5500.0 11
5501.0 19
5502.0 12
5503.0 13
5504.0 21
5505.0 15
5506.0 11
5507.0 15
5508.0 7
5509.0 9
5510.0 13
5511.0 14
5512.0 15
5513.0 10
5514.0 10
5515.0 8
5516.0 15
5517.0 9
5518.0 12
5519.0 12
5520.0 5
5521.0 9
5522.0 13
5523.0 10
5524.0 24
5525.0 11
5526.0 16
5527.0 10
5528.0 12
5529.0 6
5530.0 11
5531.0 15
5532.0 10
5533.0 10
5534.0 12
5535.0 7
5536.0 5
5537.0 16
5538.0 12
5539.0 11
5540.0 9
5541.0 11
5542.0 17
5543.0 6
5544.0 16
5545.0 10
5546.0 11
5547.0 9
5548.0 12
5549.0 10
5550.0 9
5551.0 15
5552.0 8
5553.0 15
5554.0 12
5555.0 8
5556.0 9
5557.0 15
5558.0 16
5559.0 10
5560.0 10
5561.0 9
5562.0 11
5563.0 11
5564.0 15
5565.0 11
5566.0 10
5567.0 15
5568.0 16
5569.0 9
5570.0 14
5571.0 8
5572.0 15
5573.0 11
5574.0 8
5575.0 11
5576.0 8
5577.0 11
5578.0 9
5579.0 8
5580.0 14
5581.0 11
5582.0 14
5583.0 10
5584.0 7
5585.0 14
5586.0 11
5587.0 15
5588.0 7
5589.0 10
5590.0 15
5591.0 11
5592.0 9
5593.0 11
5594.0 9
5595.0 9
5596.0 11
5597.0 13
5598.0 11
5599.0 17
5600.0 17
5601.0 14
5602.0 9
5603.0 11
5604.0 16
5605.0 12
5606.0 12
5607.0 12
5608.0 9
5609.0 9
5610.0 14
5611.0 9
5612.0 11
5613.0 15
5614.0 9
5615.0 12
5616.0 11
5617.0 8
5618.0 9
5619.0 11
5620.0 14
5621.0 13
5622.0 7
5623.0 7
5624.0 14
5625.0 8
5626.0 16
5627.0 12
5628.0 15
5629.0 12
5630.0 6
5631.0 8
5632.0 10
5633.0 5
5634.0 7
5635.0 13
5636.0 11
5637.0 7
5638.0 5
5639.0 6
5640.0 14
5641.0 11
5642.0 12
5643.0 11
5644.0 10
5645.0 7
5646.0 19
5647.0 9
5648.0 11
5649.0 9
5650.0 11
5651.0 10
5652.0 14
5653.0 15
5654.0 7
5655.0 9
5656.0 16
5657.0 13
5658.0 7
5659.0 12
5660.0 12
5661.0 11
5662.0 10
5663.0 10
5664.0 8
5665.0 8
5666.0 5
5667.0 9
5668.0 9
5669.0 10
5670.0 9
5671.0 10
5672.0 12
5673.0 12
5674.0 7
5675.0 11
5676.0 9
5677.0 14
5678.0 15
5679.0 8
5680.0 11
5681.0 18
5682.0 6
5683.0 11
5684.0 6
5685.0 11
5686.0 15
5687.0 15
5688.0 12
5689.0 9
5690.0 17
5691.0 19
5692.0 8
5693.0 10
5694.0 12
5695.0 13
5696.0 16
5697.0 5
5698.0 7
5699.0 16
5700.0 11
5701.0 8
5702.0 11
5703.0 5
5704.0 5
5705.0 6
5706.0 9
5707.0 9
5708.0 9
5709.0 11
5710.0 11
5711.0 8
5712.0 13
5713.0 4
5714.0 9
5715.0 12
5716.0 8
5717.0 4
5718.0 15
5719.0 12
5720.0 13
5721.0 10
5722.0 11
5723.0 10
5724.0 10
5725.0 6
5726.0 8
5727.0 18
5728.0 7
5729.0 20
5730.0 7
5731.0 6
5732.0 12
5733.0 11
5734.0 11
5735.0 8
5736.0 8
5737.0 11
5738.0 17
5739.0 6
5740.0 11
5741.0 4
5742.0 11
5743.0 8
5744.0 8
5745.0 12
5746.0 11
5747.0 10
5748.0 8
5749.0 12
5750.0 12
5751.0 15
5752.0 10
5753.0 9
5754.0 15
5755.0 10
5756.0 14
5757.0 11
5758.0 12
5759.0 14
5760.0 8
5761.0 13
5762.0 9
5763.0 12
5764.0 9
5765.0 6
5766.0 10
5767.0 9
5768.0 7
5769.0 15
5770.0 7
5771.0 14
5772.0 10
5773.0 4
5774.0 8
5775.0 8
5776.0 9
5777.0 10
5778.0 11
5779.0 19
5780.0 8
5781.0 7
5782.0 4
5783.0 11
5784.0 16
5785.0 4
5786.0 12
5787.0 15
5788.0 12
5789.0 14
5790.0 9
5791.0 15
5792.0 9
5793.0 14
5794.0 14
5795.0 12
5796.0 12
5797.0 8
5798.0 7
5799.0 10
5800.0 8
5801.0 13
5802.0 14
5803.0 15
5804.0 11
5805.0 9
5806.0 12
5807.0 7
5808.0 7
5809.0 16
5810.0 20
5811.0 10
5812.0 5
5813.0 11
5814.0 11
5815.0 9
5816.0 6
5817.0 14
5818.0 9
5819.0 12
5820.0 9
5821.0 8
5822.0 11
5823.0 8
5824.0 13
5825.0 11
5826.0 7
5827.0 8
5828.0 6
5829.0 11
5830.0 10
5831.0 9
5832.0 10
5833.0 11
5834.0 20
5835.0 8
5836.0 12
5837.0 8
5838.0 11
5839.0 6
5840.0 7
5841.0 8
5842.0 14
5843.0 13
5844.0 3
5845.0 15
5846.0 6
5847.0 7
5848.0 9
5849.0 9
5850.0 7
5851.0 8
5852.0 9
5853.0 6
5854.0 7
5855.0 5
5856.0 12
5857.0 15
5858.0 9
5859.0 12
5860.0 5
5861.0 13
5862.0 10
5863.0 10
5864.0 9
5865.0 3
5866.0 5
5867.0 11
5868.0 5
5869.0 12
5870.0 11
5871.0 10
5872.0 10
5873.0 12
5874.0 6
5875.0 8
5876.0 7
5877.0 5
5878.0 12
5879.0 8
5880.0 8
5881.0 10
5882.0 9
5883.0 8
5884.0 13
5885.0 13
5886.0 7
5887.0 8
5888.0 10
5889.0 6
5890.0 9
5891.0 10
5892.0 8
5893.0 8
5894.0 10
5895.0 15
5896.0 8
5897.0 7
5898.0 10
5899.0 4
5900.0 7
5901.0 12
5902.0 11
5903.0 5
5904.0 8
5905.0 19
5906.0 7
5907.0 6
5908.0 8
5909.0 11
5910.0 7
5911.0 8
5912.0 11
5913.0 12
5914.0 9
5915.0 8
5916.0 8
5917.0 14
5918.0 5
5919.0 4
5920.0 9
5921.0 8
5922.0 14
5923.0 9
5924.0 8
5925.0 7
5926.0 3
5927.0 7
5928.0 10
5929.0 12
5930.0 10
5931.0 12
5932.0 5
5933.0 5
5934.0 6
5935.0 5
5936.0 3
5937.0 6
5938.0 6
5939.0 6
5940.0 3
5941.0 7
5942.0 7
5943.0 10
5944.0 12
5945.0 9
5946.0 15
5947.0 11
5948.0 8
5949.0 8
5950.0 13
5951.0 11
5952.0 10
5953.0 12
5954.0 13
5955.0 9
5956.0 8
5957.0 11
5958.0 9
5959.0 4
5960.0 3
5961.0 10
5962.0 10
5963.0 10
5964.0 9
5965.0 6
5966.0 14
5967.0 3
5968.0 6
5969.0 11
5970.0 7
5971.0 8
5972.0 7
5973.0 5
5974.0 5
5975.0 7
5976.0 4
5977.0 9
5978.0 6
5979.0 11
5980.0 8
5981.0 9
5982.0 9
5983.0 11
5984.0 3
5985.0 12
5986.0 7
5987.0 4
5988.0 7
5989.0 9
5990.0 7
5991.0 11
5992.0 7
5993.0 14
5994.0 11
5995.0 12
5996.0 12
5997.0 16
5998.0 7
5999.0 10
6000.0 11
6001.0 6
6002.0 7
6003.0 7
6004.0 6
6005.0 5
6006.0 12
6007.0 10
6008.0 16
6009.0 11
6010.0 9
6011.0 9
6012.0 9
6013.0 6
6014.0 8
6015.0 8
6016.0 11
6017.0 9
6018.0 6
6019.0 11
6020.0 12
6021.0 8
6022.0 6
6023.0 5
6024.0 8
6025.0 11
6026.0 11
6027.0 4
6028.0 9
6029.0 6
6030.0 9
6031.0 9
6032.0 7
6033.0 12
6034.0 6
6035.0 10
6036.0 4
6037.0 13
6038.0 10
6039.0 7
6040.0 8
6041.0 10
6042.0 6
6043.0 7
6044.0 10
6045.0 9
6046.0 9
6047.0 7
6048.0 9
6049.0 12
6050.0 6
6051.0 6
6052.0 5
6053.0 8
6054.0 5
6055.0 3
6056.0 8
6057.0 7
6058.0 9
6059.0 13
6060.0 3
6061.0 8
6062.0 9
6063.0 11
6064.0 9
6065.0 4
6066.0 7
6067.0 9
6068.0 5
6069.0 6
6070.0 9
6071.0 9
6072.0 6
6073.0 8
6074.0 5
6075.0 3
6076.0 5
6077.0 5
6078.0 10
6079.0 12
6080.0 9
6081.0 6
6082.0 9
6083.0 4
6084.0 8
6085.0 5
6086.0 13
6087.0 8
6088.0 8
6089.0 7
6090.0 11
6091.0 4
6092.0 8
6093.0 9
6094.0 12
6095.0 6
6096.0 7
6097.0 10
6098.0 9
6099.0 6
6100.0 8
6101.0 4
6102.0 7
6103.0 9
6104.0 4
6105.0 6
6106.0 7
6107.0 11
6108.0 12
6109.0 8
6110.0 6
6111.0 6
6112.0 9
6113.0 9
6114.0 3
6115.0 5
6116.0 9
6117.0 6
6118.0 10
6119.0 5
6120.0 5
6121.0 5
6122.0 8
6123.0 3
6124.0 7
6125.0 10
6126.0 5
6127.0 5
6128.0 9
6129.0 17
6130.0 8
6131.0 7
6132.0 7
6133.0 6
6134.0 16
6135.0 10
6136.0 6
6137.0 9
6138.0 7
6139.0 2
6140.0 10
6141.0 6
6142.0 4
6143.0 7
6144.0 4
6145.0 6
6146.0 4
6147.0 10
6148.0 7
6149.0 10
6150.0 4
6151.0 7
6152.0 9
6153.0 7
6154.0 7
6155.0 6
6156.0 8
6157.0 4
6158.0 2
6159.0 7
6160.0 9
6161.0 5
6162.0 9
6163.0 8
6164.0 6
6165.0 4
6166.0 12
6167.0 6
6168.0 9
6169.0 7
6170.0 5
6171.0 10
6172.0 8
6173.0 8
6174.0 9
6175.0 7
6176.0 1
6177.0 3
6178.0 8
6179.0 7
6180.0 5
6181.0 15
6182.0 6
6183.0 6
6184.0 6
6185.0 6
6186.0 7
6187.0 7
6188.0 4
6189.0 5
6190.0 7
6191.0 7
6192.0 2
6193.0 10
6194.0 8
6195.0 9
6196.0 5
6197.0 7
6198.0 8
6199.0 6
6200.0 16
6201.0 5
6202.0 1
6203.0 4
6204.0 6
6205.0 7
6206.0 7
6207.0 5
6208.0 5
6209.0 5
6210.0 7
6211.0 8
6212.0 2
6213.0 1
6214.0 13
6215.0 7
6216.0 4
6217.0 7
6218.0 5
6219.0 4
6220.0 8
6221.0 12
6222.0 6
6223.0 5
6224.0 3
6225.0 8
6226.0 8
6227.0 5
6228.0 11
6229.0 5
6230.0 10
6231.0 6
6232.0 7
6233.0 2
6234.0 5
6235.0 10
6236.0 7
6237.0 5
6238.0 5
6239.0 10
6240.0 7
6241.0 4
6242.0 6
6243.0 4
6244.0 6
6245.0 12
6246.0 13
6247.0 12
6248.0 5
6249.0 4
6250.0 5
6251.0 5
6252.0 8
6253.0 8
6254.0 8
6255.0 8
6256.0 9
6257.0 6
6258.0 7
6259.0 10
6260.0 10
6261.0 2
6262.0 4
6263.0 3
6264.0 5
6265.0 7
6266.0 11
6267.0 5
6268.0 6
6269.0 5
6270.0 4
6271.0 4
6272.0 6
6273.0 6
6274.0 7
6275.0 4
6276.0 7
6277.0 3
6278.0 7
6279.0 1
6280.0 3
6281.0 7
6282.0 5
6283.0 4
6284.0 8
6285.0 7
6286.0 8
6287.0 8
6288.0 7
6289.0 9
6290.0 4
6291.0 3
6292.0 9
6293.0 8
6294.0 7
6295.0 9
6296.0 10
6297.0 5
6298.0 6
6299.0 5
6300.0 5
6301.0 8
6302.0 8
6303.0 4
6304.0 4
6305.0 6
6306.0 4
6307.0 8
6308.0 1
6309.0 3
6310.0 7
6311.0 9
6312.0 7
6313.0 7
6314.0 2
6315.0 4
6316.0 4
6317.0 3
6318.0 11
6319.0 8
6320.0 10
6321.0 8
6322.0 6
6323.0 6
6324.0 7
6325.0 4
6326.0 11
6327.0 2
6328.0 6
6329.0 3
6330.0 6
6331.0 13
6332.0 4
6333.0 4
6334.0 4
6335.0 6
6336.0 4
6337.0 2
6338.0 4
6339.0 4
6340.0 7
6341.0 2
6342.0 3
6343.0 8
6344.0 7
6345.0 2
6346.0 3
6347.0 5
6348.0 5
6349.0 2
6350.0 7
6351.0 8
6352.0 9
6353.0 3
6354.0 2
6355.0 3
6356.0 8
6357.0 6
6358.0 6
6359.0 1
6360.0 6
6361.0 8
6362.0 5
6363.0 9
6364.0 6
6365.0 6
6366.0 4
6367.0 5
6368.0 9
6369.0 2
6370.0 5
6371.0 2
6372.0 5
6373.0 4
6374.0 7
6375.0 5
6376.0 5
6377.0 8
6378.0 5
6379.0 4
6380.0 7
6381.0 11
6382.0 6
6383.0 6
6384.0 4
6385.0 3
6386.0 8
6387.0 4
6388.0 7
6389.0 7
6390.0 10
6391.0 5
6392.0 13
6393.0 5
6394.0 6
6395.0 3
6396.0 10
6397.0 6
6398.0 9
6399.0 6
6400.0 6
6401.0 9
6402.0 3
6403.0 4
6404.0 5
6405.0 4
6406.0 9
6407.0 6
6408.0 2
6409.0 3
6410.0 3
6411.0 3
6412.0 1
6413.0 7
6414.0 6
6415.0 8
6416.0 8
6417.0 6
6418.0 2
6419.0 6
6420.0 4
6421.0 2
6422.0 10
6423.0 6
6424.0 3
6425.0 3
6426.0 5
6427.0 7
6428.0 6
6429.0 5
6430.0 2
6431.0 6
6432.0 3
6433.0 1
6434.0 7
6435.0 6
6436.0 2
6437.0 9
6438.0 4
6439.0 3
6440.0 6
6441.0 8
6442.0 5
6443.0 10
6444.0 5
6445.0 7
6446.0 5
6447.0 5
6448.0 4
6449.0 5
6450.0 1
6451.0 3
6452.0 9
6453.0 7
6454.0 6
6455.0 4
6456.0 9
6457.0 7
6458.0 6
6459.0 5
6460.0 2
6461.0 5
6462.0 7
6463.0 3
6464.0 2
6465.0 8
6466.0 3
6467.0 0
6468.0 7
6469.0 4
6470.0 6
6471.0 6
6472.0 2
6473.0 3
6474.0 8
6475.0 6
6476.0 5
6477.0 5
6478.0 6
6479.0 5
6480.0 3
6481.0 5
6482.0 4
6483.0 7
6484.0 1
6485.0 5
6486.0 8
6487.0 4
6488.0 3
6489.0 6
6490.0 7
6491.0 5
6492.0 5
6493.0 5
6494.0 7
6495.0 4
6496.0 6
6497.0 4
6498.0 4
6499.0 5
6500.0 5
6501.0 2
6502.0 3
6503.0 5
6504.0 4
6505.0 7
6506.0 9
6507.0 4
6508.0 6
6509.0 6
6510.0 4
6511.0 2
6512.0 7
6513.0 8
6514.0 4
6515.0 6
6516.0 4
6517.0 7
6518.0 6
6519.0 4
6520.0 11
6521.0 4
6522.0 6
6523.0 2
6524.0 7
6525.0 3
6526.0 5
6527.0 2
6528.0 7
6529.0 2
6530.0 1
6531.0 6
6532.0 3
6533.0 7
6534.0 3
6535.0 5
6536.0 5
6537.0 3
6538.0 2
6539.0 5
6540.0 4
6541.0 4
6542.0 3
6543.0 2
6544.0 4
6545.0 4
6546.0 5
6547.0 3
6548.0 6
6549.0 6
6550.0 4
6551.0 2
6552.0 6
6553.0 7
6554.0 6
6555.0 3
6556.0 5
6557.0 6
6558.0 2
6559.0 4
6560.0 5
6561.0 2
6562.0 3
6563.0 4
6564.0 5
6565.0 5
6566.0 5
6567.0 5
6568.0 3
6569.0 6
6570.0 3
6571.0 4
6572.0 5
6573.0 7
6574.0 10
6575.0 5
6576.0 3
6577.0 4
6578.0 4
6579.0 5
6580.0 3
6581.0 7
6582.0 3
6583.0 3
6584.0 4
6585.0 3
6586.0 4
6587.0 9
6588.0 5
6589.0 10
6590.0 2
6591.0 2
6592.0 2
6593.0 1
6594.0 0
6595.0 6
6596.0 10
6597.0 3
6598.0 3
6599.0 4
6600.0 3
6601.0 3
6602.0 5
6603.0 6
6604.0 6
6605.0 5
6606.0 9
6607.0 2
6608.0 3
6609.0 4
6610.0 3
6611.0 6
6612.0 3
6613.0 7
6614.0 6
6615.0 2
6616.0 3
6617.0 5
6618.0 4
6619.0 1
6620.0 1
6621.0 3
6622.0 1
6623.0 4
6624.0 4
6625.0 6
6626.0 2
6627.0 5
6628.0 5
6629.0 3
6630.0 2
6631.0 3
6632.0 3
6633.0 5
6634.0 4
6635.0 5
6636.0 4
6637.0 2
6638.0 2
6639.0 7
6640.0 6
6641.0 2
6642.0 2
6643.0 6
6644.0 4
6645.0 3
6646.0 3
6647.0 5
6648.0 4
6649.0 2
6650.0 2
6651.0 5
6652.0 4
6653.0 6
6654.0 7
6655.0 6
6656.0 5
6657.0 1
6658.0 4
6659.0 6
6660.0 3
6661.0 8
6662.0 0
6663.0 4
6664.0 7
6665.0 5
6666.0 4
6667.0 5
6668.0 4
6669.0 1
6670.0 2
6671.0 2
6672.0 5
6673.0 5
6674.0 2
6675.0 5
6676.0 3
6677.0 0
6678.0 4
6679.0 3
6680.0 2
6681.0 5
6682.0 4
6683.0 2
6684.0 3
6685.0 3
6686.0 2
6687.0 8
6688.0 6
6689.0 3
6690.0 2
6691.0 2
6692.0 4
6693.0 2
6694.0 4
6695.0 5
6696.0 2
6697.0 0
6698.0 3
6699.0 3
6700.0 0
6701.0 2
6702.0 1
6703.0 1
6704.0 6
6705.0 2
6706.0 3
6707.0 0
6708.0 10
6709.0 3
6710.0 3
6711.0 7
6712.0 4
6713.0 4
6714.0 7
6715.0 2
6716.0 4
6717.0 1
6718.0 1
6719.0 6
6720.0 4
6721.0 3
6722.0 3
6723.0 3
6724.0 5
6725.0 4
6726.0 5
6727.0 0
6728.0 2
6729.0 3
6730.0 2
6731.0 8
6732.0 6
6733.0 2
6734.0 0
6735.0 1
6736.0 4
6737.0 1
6738.0 3
6739.0 4
6740.0 1
6741.0 5
6742.0 3
6743.0 2
6744.0 4
6745.0 2
6746.0 3
6747.0 3
6748.0 1
6749.0 1
6750.0 1
6751.0 0
6752.0 4
6753.0 5
6754.0 4
6755.0 4
6756.0 7
6757.0 4
6758.0 3
6759.0 3
6760.0 1
6761.0 8
6762.0 2
6763.0 4
6764.0 4
6765.0 2
6766.0 2
6767.0 1
6768.0 2
6769.0 2
6770.0 4
6771.0 3
6772.0 3
6773.0 3
6774.0 3
6775.0 3
6776.0 3
6777.0 3
6778.0 2
6779.0 2
6780.0 4
6781.0 3
6782.0 1
6783.0 1
6784.0 1
6785.0 1
6786.0 3
6787.0 1
6788.0 1
6789.0 3
6790.0 1
6791.0 5
6792.0 6
6793.0 3
6794.0 3
6795.0 4
6796.0 3
6797.0 3
6798.0 2
6799.0 4
6800.0 2
6801.0 2
6802.0 1
6803.0 3
6804.0 2
6805.0 1
6806.0 2
6807.0 3
6808.0 2
6809.0 1
6810.0 5
6811.0 3
6812.0 3
6813.0 4
6814.0 1
6815.0 2
6816.0 2
6817.0 5
6818.0 0
6819.0 1
6820.0 4
6821.0 1
6822.0 4
6823.0 0
6824.0 3
6825.0 3
6826.0 1
6827.0 2
6828.0 0
6829.0 3
6830.0 1
6831.0 3
6832.0 1
6833.0 1
6834.0 2
6835.0 7
6836.0 2
6837.0 1
6838.0 3
6839.0 2
6840.0 1
6841.0 3
6842.0 1
6843.0 0
6844.0 2
6845.0 3
6846.0 1
6847.0 1
6848.0 1
6849.0 3
6850.0 3
6851.0 2
6852.0 4
6853.0 3
6854.0 1
6855.0 2
6856.0 3
6857.0 2
6858.0 2
6859.0 5
6860.0 4
6861.0 3
6862.0 1
6863.0 3
6864.0 2
6865.0 4
6866.0 1
6867.0 2
6868.0 3
6869.0 1
6870.0 2
6871.0 1
6872.0 3
6873.0 1
6874.0 2
6875.0 0
6876.0 4
6877.0 0
6878.0 2
6879.0 1
6880.0 4
6881.0 4
6882.0 3
6883.0 4
6884.0 3
6885.0 3
6886.0 2
6887.0 3
6888.0 7
6889.0 2
6890.0 2
6891.0 0
6892.0 3
6893.0 5
6894.0 2
6895.0 3
6896.0 2
6897.0 1
6898.0 2
6899.0 1
6900.0 1
6901.0 3
6902.0 0
6903.0 1
6904.0 2
6905.0 0
6906.0 3
6907.0 1
6908.0 0
6909.0 1
6910.0 0
6911.0 1
6912.0 4
6913.0 3
6914.0 0
6915.0 1
6916.0 0
6917.0 2
6918.0 2
6919.0 0
6920.0 2
6921.0 0
6922.0 2
6923.0 1
6924.0 0
6925.0 2
6926.0 3
6927.0 1
6928.0 1
6929.0 3
6930.0 2
6931.0 3
6932.0 1
6933.0 2
6934.0 0
6935.0 2
6936.0 3
6937.0 5
6938.0 0
6939.0 4
6940.0 2
6941.0 1
6942.0 0
6943.0 2
6944.0 1
6945.0 3
6946.0 4
6947.0 2
6948.0 3
6949.0 0
6950.0 3
6951.0 3
6952.0 2
6953.0 3
6954.0 0
6955.0 5
6956.0 3
6957.0 1
6958.0 0
6959.0 2
6960.0 3
6961.0 3
6962.0 3
6963.0 0
6964.0 1
6965.0 0
6966.0 0
6967.0 1
6968.0 2
6969.0 1
6970.0 0
6971.0 2
6972.0 1
6973.0 1
6974.0 2
6975.0 3
6976.0 1
6977.0 0
6978.0 1
6979.0 1
6980.0 1
6981.0 1
6982.0 1
6983.0 2
6984.0 0
6985.0 1
6986.0 1
6987.0 3
6988.0 1
6989.0 1
6990.0 2
6991.0 0
6992.0 4
6993.0 0
6994.0 2
6995.0 1
6996.0 0
6997.0 1
6998.0 2
6999.0 0
7000.0 0
7001.0 2
7002.0 2
7003.0 1
7004.0 0
7005.0 1
7006.0 1
7007.0 2
7008.0 1
7009.0 0
7010.0 1
7011.0 1
7012.0 3
7013.0 0
7014.0 1
7015.0 2
7016.0 1
7017.0 0
7018.0 2
7019.0 2
7020.0 2
7021.0 0
7022.0 2
7023.0 2
7024.0 1
7025.0 1
7026.0 1
7027.0 1
7028.0 3
7029.0 0
7030.0 0
7031.0 1
7032.0 0
7033.0 2
7034.0 2
7035.0 1
7036.0 0
7037.0 2
7038.0 0
7039.0 0
7040.0 1
7041.0 2
7042.0 1
7043.0 2
7044.0 0
7045.0 2
7046.0 0
7047.0 3
7048.0 2
7049.0 3
7050.0 0
7051.0 0
7052.0 1
7053.0 0
7054.0 1
7055.0 1
7056.0 0
7057.0 1
7058.0 0
7059.0 1
7060.0 0
7061.0 1
7062.0 3
7063.0 2
7064.0 2
7065.0 0
7066.0 0
7067.0 1
7068.0 2
7069.0 1
7070.0 1
7071.0 0
7072.0 1
7073.0 0
7074.0 2
7075.0 0
7076.0 1
7077.0 1
7078.0 4
7079.0 2
7080.0 0
7081.0 0
7082.0 1
7083.0 0
7084.0 0
7085.0 0
7086.0 0
7087.0 2
7088.0 1
7089.0 1
7090.0 0
7091.0 0
7092.0 0
7093.0 1
7094.0 2
7095.0 2
7096.0 0
7097.0 0
7098.0 0
7099.0 1
7100.0 0
7101.0 0
7102.0 1
7103.0 1
7104.0 0
7105.0 1
7106.0 1
7107.0 0
7108.0 0
7109.0 0
7110.0 2
7111.0 1
7112.0 2
7113.0 1
7114.0 1
7115.0 0
7116.0 2
7117.0 0
7118.0 0
7119.0 0
7120.0 0
7121.0 2
7122.0 0
7123.0 0
7124.0 0
7125.0 1
7126.0 0
7127.0 0
7128.0 0
7129.0 0
7130.0 1
7131.0 1
7132.0 0
7133.0 2
7134.0 1
7135.0 0
7136.0 1
7137.0 0
7138.0 2
7139.0 1
7140.0 0
7141.0 0
7142.0 1
7143.0 0
7144.0 0
7145.0 0
7146.0 0
7147.0 0
7148.0 1
7149.0 0
7150.0 0
7151.0 0
7152.0 1
7153.0 0
7154.0 0
7155.0 0
7156.0 1
7157.0 0
7158.0 0
7159.0 1
7160.0 0
7161.0 0
7162.0 0
7163.0 1
7164.0 0
7165.0 1
7166.0 1
7167.0 0
7168.0 1
7169.0 0
7170.0 0
7171.0 0
7172.0 0
7173.0 0
7174.0 0
7175.0 1
7176.0 0
7177.0 0
7178.0 0
7179.0 0
7180.0 0
7181.0 0
7182.0 0
7183.0 1
7184.0 0
7185.0 0
7186.0 0
7187.0 0
7188.0 0
7189.0 0
7190.0 0
7191.0 0
7192.0 0
7193.0 0
7194.0 0
7195.0 0
7196.0 1
7197.0 0
